0.0292859468609095
-0.0000000000000000
0.1171437874436378
0.9664362668991089
0.2928594648838043
0.1171437874436378
0.3807173073291779
-0.0585718937218189
-0.4100032448768616
-0.1757156848907471
-0.0000000000000000
0.2342875748872757
-0.5564329624176025
-0.0585718937218189
0.3221454024314880
-0.1757156848907471
-0.4685751497745514
0.0878578424453735
-0.0292859468609095
-0.2342875748872757
0.0585718937218189
-0.2050016224384308
-0.2050016224384308
-0.0585718937218189
-0.1757156848907471
-0.0878578424453735
0.1171437874436378
-0.2050016224384308
-0.3514313697814941
-0.3514313697814941
0.2342875748872757
-0.0000000000000000
-0.7321486473083496
-0.0000000000000000
-0.5857189297676086
-0.6150048971176147
-0.1171437874436378
0.4100032448768616
0.0585718937218189
0.2342875748872757
0.1464297324419022
-0.1757156848907471
0.4100032448768616
-0.4100032448768616
-0.5857189297676086
-0.1464297324419022
0.2928594648838043
0.3221454024314880
-0.7321486473083496
0.1757156848907471
-0.4392892122268677
0.0878578424453735
0.1464297324419022
0.3221454024314880
0.5271470546722412
0.6735767722129822
0.0292859468609095
0.0585718937218189
0.2342875748872757
-0.2342875748872757
-0.3807173073291779
-0.0585718937218189
0.3221454024314880
0.3514313697814941
0.0000000000000000
-0.0292859468609095
0.3514313697814941
0.1757156848907471
0.1464297324419022
-0.6150048971176147
0.0585718937218189
0.2635735273361206
-0.3514313697814941
0.6150048971176147
-0.2342875748872757
0.0878578424453735
0.3514313697814941
0.4392892122268677
0.0585718937218189
0.5271470546722412
-0.8200064897537231
0.1464297324419022
-0.4978610873222351
-0.4100032448768616
-0.0585718937218189
0.2050016224384308
0.3514313697814941
0.3807173073291779
-0.0292859468609095
0.2342875748872757
0.2050016224384308
-0.2342875748872757
-0.5857189297676086
0.0585718937218189
0.0585718937218189
0.4685751497745514
-0.6735767722129822
0.2050016224384308
-0.5564329624176025
-0.5564329624176025
-0.0878578424453735
0.2635735273361206
0.1171437874436378
0.2050016224384308
0.0878578424453735
-0.1171437874436378
0.1464297324419022
-0.2050016224384308
-0.6442908048629761
-0.2928594648838043
0.2050016224384308
0.1171437874436378
-0.2050016224384308
0.2342875748872757
-0.0000000000000000
-0.3514313697814941
-0.0878578424453735
-0.1464297324419022
-0.0878578424453735
0.0292859468609095
-0.2928594648838043
-0.0878578424453735
-0.1757156848907471
-0.0878578424453735
-0.2928594648838043
-0.4685751497745514
-0.0585718937218189
0.0292859468609095
-0.3221454024314880
0.0878578424453735
-0.1171437874436378
0.1757156848907471
-0.1757156848907471
-0.3514313697814941
-0.0878578424453735
0.2635735273361206
0.0878578424453735
-0.1171437874436378
-0.1464297324419022
-0.2050016224384308
-0.3221454024314880
-0.1757156848907471
0.0292859468609095
0.2928594648838043
0.8492924571037292
0.3807173073291779
0.5564329624176025
0.4978610873222351
-0.2342875748872757
-0.8492924571037292
-0.3807173073291779
-0.3514313697814941
0.1171437874436378
0.0292859468609095
-0.3221454024314880
0.7028627395629883
-0.4978610873222351
-0.5857189297676086
-0.8200064897537231
0.7321486473083496
1.5814411640167236
0.7321486473083496
1.2007237672805786
1.8157286643981934
1.1714378595352173
-0.5271470546722412
-0.1171437874436378
-0.1464297324419022
0.0585718937218189
0.6735767722129822
-0.6442908048629761
1.2300097942352295
1.8157286643981934
0.2342875748872757
-0.5271470546722412
0.0585718937218189
0.5857189297676086
0.2928594648838043
0.2635735273361206
0.2635735273361206
0.0292859468609095
-0.2342875748872757
-0.1757156848907471
-0.4100032448768616
-0.2342875748872757
-0.0292859468609095
0.1757156848907471
0.3514313697814941
0.9957221746444702
0.5857189297676086
0.0585718937218189
-0.3807173073291779
0.4978610873222351
-0.0000000000000000
0.0585718937218189
-0.3514313697814941
-0.2928594648838043
-0.7907205820083618
-0.6442908048629761
-0.2635735273361206
-0.1171437874436378
-0.2635735273361206
0.2928594648838043
-0.0000000000000000
0.5857189297676086
0.0292859468609095
-0.5857189297676086
-0.3514313697814941
-0.1757156848907471
-0.2050016224384308
-0.1464297324419022
-0.8200064897537231
-0.4685751497745514
-0.4978610873222351
-0.8785784244537354
-0.0292859468609095
0.4100032448768616
-0.2928594648838043
0.3807173073291779
-0.4100032448768616
-0.2928594648838043
-0.6442908048629761
-0.4685751497745514
0.1464297324419022
0.0878578424453735
0.1757156848907471
0.2635735273361206
0.2050016224384308
0.0878578424453735
-0.4685751497745514
-0.0292859468609095
0.1171437874436378
0.0292859468609095
0.0292859468609095
-0.0292859468609095
-0.3807173073291779
-0.1757156848907471
-0.1464297324419022
0.1464297324419022
0.0878578424453735
-0.3221454024314880
0.3221454024314880
0.0585718937218189
-0.9078643321990967
-0.1171437874436378
-0.0585718937218189
-0.0878578424453735
-0.1464297324419022
-0.2342875748872757
0.2635735273361206
0.2342875748872757
-0.4392892122268677
-0.2050016224384308
-0.5271470546722412
0.0878578424453735
0.4100032448768616
-1.2007237672805786
-0.4100032448768616
-1.6985849142074585
-0.3514313697814941
-0.5857189297676086
1.8450146913528442
-0.6442908048629761
-0.6442908048629761
0.0585718937218189
-1.0250080823898315
2.2843039035797119
-0.9078643321990967
-1.1421519517898560
-0.1171437874436378
1.2300097942352295
-0.5271470546722412
-2.1964459419250488
0.0292859468609095
-1.4057254791259766
-0.6150048971176147
-0.4100032448768616
1.6107270717620850
-0.0585718937218189
-1.6692990064620972
-0.1464297324419022
-1.6400129795074463
1.4057254791259766
-0.9664362668991089
-1.3178676366806030
0.3807173073291779
0.3221454024314880
-0.2928594648838043
-1.5521551370620728
-0.6442908048629761
-1.9035865068435669
0.4978610873222351
-0.2342875748872757
-0.2928594648838043
0.1171437874436378
-0.4685751497745514
-0.1171437874436378
-0.6442908048629761
0.3221454024314880
-0.3514313697814941
-0.8492924571037292
-0.3807173073291779
0.1464297324419022
-0.9371502995491028
-0.9078643321990967
-0.9957221746444702
-1.2300097942352295
0.5271470546722412
0.4978610873222351
0.5857189297676086
0.9371502995491028
-0.9957221746444702
0.2050016224384308
-0.9371502995491028
0.0585718937218189
-0.4978610873222351
-2.4600195884704590
0.3221454024314880
0.0878578424453735
-1.4935833215713501
0.1464297324419022
0.4392892122268677
-0.3807173073291779
0.0292859468609095
0.1171437874436378
0.5564329624176025
0.6150048971176147
-0.8200064897537231
-0.9664362668991089
-0.0585718937218189
0.2635735273361206
0.4392892122268677
-0.0585718937218189
-0.2635735273361206
1.0835800170898438
0.9664362668991089
-0.4100032448768616
0.1464297324419022
-0.3514313697814941
-0.6442908048629761
0.0292859468609095
0.2928594648838043
-0.1171437874436378
-0.0292859468609095
-0.1171437874436378
0.2928594648838043
0.6442908048629761
-0.2050016224384308
-0.2050016224384308
-0.4978610873222351
0.1757156848907471
0.2928594648838043
0.2342875748872757
0.1171437874436378
-0.0878578424453735
-0.0000000000000000
0.2342875748872757
-0.1464297324419022
-0.3807173073291779
0.0000000000000000
-0.0292859468609095
-0.0292859468609095
0.3514313697814941
-0.1757156848907471
0.0000000000000000
0.2342875748872757
0.0292859468609095
0.0878578424453735
-1.4350113868713379
-0.2342875748872757
-0.8200064897537231
-0.4978610873222351
-0.7907205820083618
0.9957221746444702
-0.3514313697814941
-0.2928594648838043
-0.4100032448768616
-0.4392892122268677
1.2592957019805908
-0.4100032448768616
0.4685751497745514
0.5271470546722412
0.8200064897537231
0.8785784244537354
-1.2300097942352295
-0.4685751497745514
-0.3807173073291779
-1.2592957019805908
-0.2050016224384308
1.4057254791259766
-0.8492924571037292
-0.0292859468609095
0.4100032448768616
-0.2928594648838043
1.2300097942352295
-0.4100032448768616
0.1171437874436378
0.6150048971176147
0.3807173073291779
1.1421519517898560
-0.6442908048629761
-0.4392892122268677
-0.7614346146583557
-1.6692990064620972
-0.5857189297676086
0.6150048971176147
-0.2342875748872757
0.0878578424453735
0.9664362668991089
0.1464297324419022
0.7614346146583557
-0.4685751497745514
-0.0292859468609095
0.2928594648838043
-0.1757156848907471
0.1171437874436378
-0.7321486473083496
0.5857189297676086
-0.9078643321990967
0.7907205820083618
0.0000000000000000
0.9664362668991089
-1.2007237672805786
0.2050016224384308
-0.5564329624176025
-0.4392892122268677
0.9078643321990967
0.6442908048629761
-1.1128659248352051
-1.1714378595352173
0.7614346146583557
-0.4978610873222351
-1.6692990064620972
-0.7028627395629883
-0.7614346146583557
-0.7028627395629883
-0.9078643321990967
1.6400129795074463
-0.5271470546722412
-0.3221454024314880
-0.4392892122268677
-0.9371502995491028
1.6985849142074585
-0.6442908048629761
0.4685751497745514
0.5857189297676086
1.4642972946166992
1.3471535444259644
-0.1757156848907471
0.2635735273361206
0.0878578424453735
0.4685751497745514
0.3221454024314880
0.2342875748872757
0.0292859468609095
0.0585718937218189
0.2928594648838043
-0.1757156848907471
0.0878578424453735
-0.4100032448768616
0.0585718937218189
0.3514313697814941
0.2050016224384308
0.1757156848907471
0.3807173073291779
-0.0000000000000000
0.2050016224384308
0.1464297324419022
-0.0878578424453735
-0.2342875748872757
-0.7321486473083496
-0.1464297324419022
-0.0585718937218189
-0.3221454024314880
-0.1464297324419022
-0.0878578424453735
0.2635735273361206
0.1757156848907471
-0.2342875748872757
0.0585718937218189
0.5271470546722412
0.0878578424453735
0.8200064897537231
0.0878578424453735
-0.0878578424453735
-0.6150048971176147
-0.7321486473083496
0.0585718937218189
0.0878578424453735
-0.2050016224384308
0.1464297324419022
0.0878578424453735
0.4685751497745514
0.6150048971176147
-0.7907205820083618
0.5857189297676086
-0.4685751497745514
-0.0878578424453735
0.2342875748872757
-0.7614346146583557
0.2928594648838043
-0.1464297324419022
-0.9371502995491028
0.4100032448768616
0.1757156848907471
0.0000000000000000
-0.1757156848907471
0.2928594648838043
0.1171437874436378
0.6735767722129822
-0.8785784244537354
0.8200064897537231
1.4642972946166992
0.3514313697814941
1.3764394521713257
0.9957221746444702
1.6400129795074463
-1.0542941093444824
0.3514313697814941
0.0878578424453735
0.2928594648838043
0.9957221746444702
-0.9371502995491028
0.6442908048629761
0.5271470546722412
0.3221454024314880
-0.2050016224384308
-0.1464297324419022
-0.4685751497745514
-0.2342875748872757
0.6150048971176147
-0.0878578424453735
0.7907205820083618
-1.7571568489074707
-0.2928594648838043
-0.7614346146583557
-0.8200064897537231
0.0878578424453735
-0.3807173073291779
0.9371502995491028
-0.2635735273361206
1.1714378595352173
0.0292859468609095
0.8785784244537354
0.3807173073291779
-0.1171437874436378
0.7907205820083618
0.2928594648838043
-0.3807173073291779
-0.4392892122268677
-0.7907205820083618
0.0292859468609095
0.2635735273361206
-0.1757156848907471
0.0585718937218189
-0.1464297324419022
0.6735767722129822
0.7907205820083618
-0.3221454024314880
0.3221454024314880
0.6442908048629761
0.3221454024314880
0.5271470546722412
0.3807173073291779
0.0292859468609095
-0.8200064897537231
-0.4392892122268677
-0.0292859468609095
-0.2928594648838043
-0.2342875748872757
-0.2342875748872757
0.3807173073291779
0.2050016224384308
0.1171437874436378
-0.6150048971176147
0.0878578424453735
-0.1464297324419022
0.1464297324419022
-0.1171437874436378
-0.1171437874436378
-0.2050016224384308
-0.3221454024314880
-0.0585718937218189
0.0585718937218189
-0.3221454024314880
-0.1171437874436378
-0.0878578424453735
-0.2050016224384308
-0.0878578424453735
-0.2050016224384308
-0.1171437874436378
-0.0878578424453735
0.6442908048629761
0.3807173073291779
0.2342875748872757
0.2342875748872757
-0.3514313697814941
-0.2928594648838043
0.2050016224384308
0.1464297324419022
0.0292859468609095
-0.3221454024314880
-0.2342875748872757
0.0585718937218189
0.2635735273361206
-0.1171437874436378
-0.7321486473083496
-0.3514313697814941
1.6692990064620972
0.0585718937218189
1.5814411640167236
1.7864427566528320
0.2928594648838043
-0.9957221746444702
0.0000000000000000
-0.8200064897537231
-0.2050016224384308
0.6442908048629761
-0.7907205820083618
0.7321486473083496
0.8492924571037292
0.4392892122268677
-0.7321486473083496
0.4685751497745514
0.5857189297676086
-0.8785784244537354
-0.0292859468609095
2.3721616268157959
-0.8492924571037292
-1.2885816097259521
-1.2885816097259521
0.0000000000000000
-0.9957221746444702
-0.7614346146583557
-0.7614346146583557
0.9371502995491028
-0.5564329624176025
-0.4100032448768616
0.4685751497745514
-0.8492924571037292
0.5857189297676086
0.0292859468609095
0.6150048971176147
0.7907205820083618
-0.0585718937218189
-0.4978610873222351
-0.4978610873222351
-0.1757156848907471
0.1757156848907471
-0.3221454024314880
0.0292859468609095
0.0878578424453735
0.7614346146583557
0.0000000000000000
-0.3514313697814941
0.1757156848907471
0.7321486473083496
0.2342875748872757
-0.1464297324419022
0.3807173073291779
-0.2635735273361206
-0.1171437874436378
0.0878578424453735
0.0000000000000000
0.2050016224384308
-0.4100032448768616
0.1757156848907471
0.0878578424453735
0.1464297324419022
-0.1464297324419022
-0.4392892122268677
-0.4392892122268677
-0.0878578424453735
0.0585718937218189
-0.2635735273361206
-0.1171437874436378
-0.1757156848907471
-0.2928594648838043
-0.2635735273361206
-0.2635735273361206
-0.2050016224384308
-0.3514313697814941
-0.0000000000000000
0.0292859468609095
-0.2342875748872757
-0.5271470546722412
-0.1464297324419022
-0.2050016224384308
-0.2928594648838043
0.2635735273361206
-0.0292859468609095
-0.1171437874436378
-0.1171437874436378
-0.2635735273361206
-0.1464297324419022
0.1171437874436378
-0.2635735273361206
-0.3221454024314880
-0.0292859468609095
-0.3221454024314880
-0.2342875748872757
-0.1757156848907471
0.2635735273361206
0.0585718937218189
-0.4392892122268677
0.0000000000000000
-0.1464297324419022
-0.3514313697814941
-0.2050016224384308
-0.4392892122268677
0.2050016224384308
0.1464297324419022
-0.2635735273361206
0.3221454024314880
-0.4100032448768616
-0.3221454024314880
-0.2635735273361206
-0.2050016224384308
-0.0585718937218189
-0.0292859468609095
-0.2342875748872757
-0.4392892122268677
-0.4392892122268677
-0.1171437874436378
0.2050016224384308
0.7907205820083618
0.6442908048629761
0.1171437874436378
0.8200064897537231
0.1464297324419022
0.4100032448768616
-0.8200064897537231
-0.2635735273361206
-0.1171437874436378
1.7864427566528320
-1.1421519517898560
-0.7028627395629883
0.2928594648838043
-1.1128659248352051
-0.7614346146583557
0.0000000000000000
0.0585718937218189
1.1421519517898560
-0.5564329624176025
-0.2342875748872757
-0.0585718937218189
0.0585718937218189
-0.0585718937218189
-0.7028627395629883
0.9078643321990967
0.8200064897537231
0.0585718937218189
-0.2928594648838043
0.4100032448768616
-0.3221454024314880
-0.6442908048629761
0.0585718937218189
-0.4392892122268677
0.4100032448768616
-0.0292859468609095
-0.0878578424453735
0.8200064897537231
-0.3221454024314880
-0.1757156848907471
0.1757156848907471
0.1757156848907471
0.1171437874436378
-0.2928594648838043
-0.5564329624176025
-0.0585718937218189
-0.3221454024314880
-0.4100032448768616
0.0585718937218189
-0.3221454024314880
-0.0878578424453735
0.3221454024314880
-0.1757156848907471
0.1757156848907471
-0.2928594648838043
-0.2342875748872757
-0.1464297324419022
0.0292859468609095
-0.2635735273361206
-0.0292859468609095
-0.2928594648838043
0.2635735273361206
0.0585718937218189
-0.2050016224384308
0.0292859468609095
-0.0292859468609095
-0.2635735273361206
-0.2050016224384308
0.0585718937218189
-0.1757156848907471
-0.0878578424453735
-0.2928594648838043
-0.3221454024314880
-0.5271470546722412
0.1464297324419022
0.3221454024314880
0.4100032448768616
-0.0585718937218189
0.0292859468609095
0.0585718937218189
-0.0292859468609095
-0.2342875748872757
0.1464297324419022
-0.0292859468609095
0.1464297324419022
0.0878578424453735
-0.0585718937218189
0.3514313697814941
-0.0292859468609095
0.0292859468609095
0.0878578424453735
-0.2342875748872757
-0.0585718937218189
0.4392892122268677
0.0585718937218189
-0.2342875748872757
-0.0585718937218189
-0.0292859468609095
-0.2050016224384308
-0.1171437874436378
-0.2342875748872757
-0.0000000000000000
0.1171437874436378
-0.2342875748872757
0.0585718937218189
-0.0585718937218189
0.0585718937218189
0.0585718937218189
0.0878578424453735
0.1171437874436378
0.2050016224384308
-0.3221454024314880
-0.2928594648838043
0.1757156848907471
-0.5271470546722412
0.3221454024314880
-0.1464297324419022
-0.1171437874436378
0.1464297324419022
0.1757156848907471
0.2342875748872757
-0.1171437874436378
0.1464297324419022
0.0585718937218189
0.8200064897537231
0.0585718937218189
0.0585718937218189
-0.2050016224384308
0.2050016224384308
0.1464297324419022
-0.6442908048629761
0.7321486473083496
-0.0292859468609095
-0.3514313697814941
-0.1464297324419022
0.8492924571037292
0.3221454024314880
0.0585718937218189
0.8785784244537354
0.3514313697814941
0.8785784244537354
0.2342875748872757
-0.1464297324419022
-0.2050016224384308
0.3221454024314880
0.2342875748872757
0.0292859468609095
0.5857189297676086
-0.0292859468609095
-0.2342875748872757
-0.0585718937218189
0.9371502995491028
0.0878578424453735
0.2050016224384308
0.2050016224384308
0.7907205820083618
0.4685751497745514
0.1171437874436378
0.0000000000000000
-0.2050016224384308
0.1757156848907471
0.2928594648838043
-0.3514313697814941
0.7614346146583557
0.0292859468609095
-0.1757156848907471
-0.1757156848907471
0.7321486473083496
0.1464297324419022
0.0585718937218189
0.3807173073291779
0.2342875748872757
-0.0585718937218189
0.1757156848907471
0.1171437874436378
-0.4100032448768616
-0.2635735273361206
0.1464297324419022
-0.4685751497745514
0.1171437874436378
-0.0292859468609095
0.2342875748872757
0.0878578424453735
0.1757156848907471
0.2342875748872757
-0.1171437874436378
0.1171437874436378
0.1464297324419022
-0.0292859468609095
0.4978610873222351
-0.0878578424453735
-0.4100032448768616
-0.2050016224384308
0.1757156848907471
-0.2928594648838043
-0.2342875748872757
-0.0878578424453735
0.0292859468609095
-0.1171437874436378
-0.0585718937218189
0.2050016224384308
-0.1757156848907471
-0.3514313697814941
0.0585718937218189
-0.1757156848907471
0.0585718937218189
0.2635735273361206
-0.1171437874436378
-0.3514313697814941
0.2342875748872757
0.0000000000000000
0.0000000000000000
-0.0292859468609095
-0.2342875748872757
0.0585718937218189
-0.0585718937218189
-0.0292859468609095
-0.1757156848907471
0.3807173073291779
-0.0292859468609095
-1.1714378595352173
-0.2342875748872757
0.0292859468609095
0.4685751497745514
-0.3514313697814941
-0.2050016224384308
0.9078643321990967
-0.2050016224384308
0.6735767722129822
0.4100032448768616
0.1171437874436378
-0.0000000000000000
0.4685751497745514
0.2342875748872757
0.3221454024314880
-1.1128659248352051
0.2635735273361206
-0.2342875748872757
0.6735767722129822
-0.4685751497745514
0.3514313697814941
-0.9664362668991089
-0.0292859468609095
0.3807173073291779
-0.2928594648838043
-0.4392892122268677
0.4685751497745514
-0.0292859468609095
-0.2342875748872757
-0.0000000000000000
-0.1171437874436378
0.7614346146583557
0.0878578424453735
-0.0585718937218189
0.1171437874436378
-0.1171437874436378
0.3807173073291779
-0.1171437874436378
-0.0878578424453735
-0.7907205820083618
-0.4978610873222351
-0.1757156848907471
0.6735767722129822
-0.8492924571037292
-0.1464297324419022
0.1757156848907471
-0.3221454024314880
-0.0585718937218189
-0.5564329624176025
0.6735767722129822
-0.2050016224384308
0.1757156848907471
0.3514313697814941
0.0585718937218189
-0.0292859468609095
-0.9664362668991089
-0.2050016224384308
0.3514313697814941
0.4100032448768616
-1.5521551370620728
-0.0878578424453735
0.3807173073291779
-0.6150048971176147
-0.0878578424453735
-1.1128659248352051
0.4100032448768616
-0.3807173073291779
0.4685751497745514
-0.4100032448768616
-0.0000000000000000
0.5271470546722412
-0.4100032448768616
0.0585718937218189
0.3514313697814941
-0.0585718937218189
-0.9078643321990967
-0.1464297324419022
0.2342875748872757
-0.0585718937218189
-0.4978610873222351
0.0292859468609095
0.0000000000000000
0.4392892122268677
0.0292859468609095
-0.2928594648838043
0.2050016224384308
-0.0878578424453735
-0.2050016224384308
-0.0878578424453735
-0.2050016224384308
-0.1171437874436378
0.1171437874436378
-0.1171437874436378
-0.2928594648838043
0.5271470546722412
0.0292859468609095
-0.1464297324419022
0.3807173073291779
-0.2342875748872757
-0.0585718937218189
-0.2050016224384308
-0.0878578424453735
0.0292859468609095
0.0878578424453735
0.2050016224384308
0.0292859468609095
-0.0878578424453735
-0.4100032448768616
0.3807173073291779
0.0878578424453735
-0.2635735273361206
-0.1464297324419022
0.2635735273361206
0.3514313697814941
-1.1714378595352173
-0.0585718937218189
-0.6442908048629761
-0.3807173073291779
-0.5271470546722412
0.6150048971176147
0.5857189297676086
0.5857189297676086
-0.2928594648838043
-1.2592957019805908
-0.0292859468609095
0.1757156848907471
-0.4978610873222351
-0.0878578424453735
0.4100032448768616
0.7321486473083496
-1.6692990064620972
-0.2050016224384308
-0.6150048971176147
-0.5271470546722412
-0.5271470546722412
-0.3221454024314880
-0.1464297324419022
0.0878578424453735
0.2342875748872757
-1.2300097942352295
-0.4392892122268677
0.4685751497745514
-1.5521551370620728
-0.5857189297676086
-0.7907205820083618
1.1128659248352051
-0.6150048971176147
0.1464297324419022
0.9371502995491028
0.7614346146583557
0.6150048971176147
-0.6150048971176147
-0.0585718937218189
-0.2635735273361206
0.2342875748872757
-1.4935833215713501
-0.6442908048629761
0.9371502995491028
-1.6400129795074463
-0.9664362668991089
0.1757156848907471
0.4685751497745514
-0.2928594648838043
0.3221454024314880
0.4392892122268677
0.9957221746444702
-0.2342875748872757
-0.2050016224384308
0.7907205820083618
0.0878578424453735
0.8785784244537354
-0.9371502995491028
0.6735767722129822
0.6735767722129822
-1.3764394521713257
-0.3221454024314880
0.5564329624176025
-0.4100032448768616
-0.4685751497745514
-1.0835800170898438
1.1421519517898560
-0.1171437874436378
0.2342875748872757
0.7614346146583557
-0.2342875748872757
0.2342875748872757
-0.2342875748872757
0.9078643321990967
-0.1464297324419022
-0.1464297324419022
-0.2635735273361206
-0.2050016224384308
-0.1464297324419022
0.2050016224384308
-0.2342875748872757
-0.1464297324419022
-0.2928594648838043
-0.0585718937218189
-0.0585718937218189
0.2342875748872757
0.0878578424453735
0.0292859468609095
0.1171437874436378
-0.5271470546722412
-0.0000000000000000
0.2928594648838043
-0.0000000000000000
-0.3514313697814941
0.2050016224384308
-0.1171437874436378
-0.0878578424453735
-0.1464297324419022
-0.1464297324419022
0.1171437874436378
-0.1464297324419022
0.1464297324419022
-0.1464297324419022
-0.2050016224384308
-0.2635735273361206
0.2050016224384308
-0.1757156848907471
-0.1757156848907471
-0.0292859468609095
0.2635735273361206
0.6150048971176147
-0.7614346146583557
0.3807173073291779
-0.2635735273361206
-0.6735767722129822
-0.1171437874436378
0.2928594648838043
1.6692990064620972
-0.3807173073291779
-0.6735767722129822
-0.1171437874436378
1.4935833215713501
-0.2342875748872757
-0.4100032448768616
1.1128659248352051
-0.3807173073291779
1.4935833215713501
-0.9371502995491028
0.9078643321990967
-0.3807173073291779
-1.0250080823898315
-0.4392892122268677
-0.2928594648838043
1.9621584415435791
-0.2050016224384308
-0.7614346146583557
-0.4392892122268677
2.1964459419250488
0.1464297324419022
-1.0835800170898438
1.5814411640167236
0.5271470546722412
1.1421519517898560
-0.4392892122268677
1.3764394521713257
-0.6442908048629761
-0.8492924571037292
-0.1171437874436378
-0.5857189297676086
0.6442908048629761
0.2928594648838043
0.2050016224384308
0.1757156848907471
3.2800259590148926
1.2300097942352295
-1.3178676366806030
1.6400129795074463
0.6150048971176147
-0.3221454024314880
-0.2050016224384308
0.1757156848907471
-0.5271470546722412
-1.3764394521713257
-1.2592957019805908
-0.3514313697814941
0.5271470546722412
0.4685751497745514
-0.4685751497745514
-0.0292859468609095
1.0542941093444824
-0.0000000000000000
-0.1171437874436378
0.7907205820083618
-0.1171437874436378
0.8785784244537354
-0.9957221746444702
0.2342875748872757
0.1464297324419022
-0.6442908048629761
-0.4392892122268677
0.1757156848907471
1.4057254791259766
-0.4392892122268677
-0.7614346146583557
-0.3514313697814941
1.6400129795074463
-0.0585718937218189
-0.8785784244537354
1.2300097942352295
-0.0000000000000000
1.2592957019805908
-0.4392892122268677
0.3514313697814941
0.2635735273361206
-0.0292859468609095
0.1171437874436378
-0.3221454024314880
1.1128659248352051
-0.1757156848907471
-0.6735767722129822
-0.4685751497745514
1.3764394521713257
-0.0585718937218189
-0.3221454024314880
0.6735767722129822
0.4685751497745514
-0.1171437874436378
0.1171437874436378
-0.0585718937218189
0.0292859468609095
0.0000000000000000
0.0878578424453735
0.0585718937218189
-0.3514313697814941
-0.0292859468609095
0.0292859468609095
-0.0878578424453735
-0.3807173073291779
-0.1171437874436378
-0.2928594648838043
-0.4685751497745514
0.3807173073291779
0.8785784244537354
-0.1171437874436378
-0.8492924571037292
0.0292859468609095
0.3221454024314880
0.0000000000000000
0.3807173073291779
0.4100032448768616
-0.2635735273361206
0.1464297324419022
-0.6442908048629761
0.7907205820083618
-0.7321486473083496
0.1171437874436378
0.7321486473083496
0.6735767722129822
0.9371502995491028
-0.1464297324419022
0.0878578424453735
-0.2928594648838043
-0.4685751497745514
-0.4100032448768616
0.0000000000000000
0.9957221746444702
-0.1757156848907471
0.2928594648838043
0.0292859468609095
1.5521551370620728
0.0292859468609095
-0.2342875748872757
0.9664362668991089
1.0542941093444824
-0.2050016224384308
-0.6735767722129822
1.3764394521713257
0.4685751497745514
-0.4978610873222351
-0.2342875748872757
0.7614346146583557
-0.2050016224384308
0.8492924571037292
0.3807173073291779
0.6150048971176147
1.4642972946166992
0.6442908048629761
-0.6150048971176147
-0.2050016224384308
-0.1171437874436378
0.7321486473083496
-0.0878578424453735
-0.9957221746444702
-0.5564329624176025
1.0542941093444824
-0.8785784244537354
1.1714378595352173
0.0585718937218189
0.1464297324419022
0.6442908048629761
-0.1464297324419022
1.2007237672805786
-0.4978610873222351
-0.2050016224384308
0.2050016224384308
1.3471535444259644
1.0250080823898315
-0.1464297324419022
-0.5857189297676086
-0.0292859468609095
0.0878578424453735
0.0878578424453735
0.0878578424453735
0.0878578424453735
-0.1757156848907471
0.0292859468609095
-0.4685751497745514
0.7321486473083496
-0.6735767722129822
-0.2635735273361206
0.7028627395629883
0.7028627395629883
-0.4392892122268677
0.2635735273361206
-0.6442908048629761
-0.0878578424453735
0.2050016224384308
0.2050016224384308
0.4392892122268677
-0.6442908048629761
-0.0292859468609095
0.3807173073291779
0.1464297324419022
-0.5564329624176025
-0.2342875748872757
0.2342875748872757
-0.3514313697814941
0.1464297324419022
-0.4685751497745514
0.4978610873222351
0.0292859468609095
-0.3514313697814941
0.0000000000000000
0.2342875748872757
-0.2050016224384308
-0.4978610873222351
0.0292859468609095
0.0292859468609095
0.2342875748872757
-0.4392892122268677
0.0292859468609095
0.1757156848907471
-0.2635735273361206
-0.0000000000000000
-0.7907205820083618
0.7028627395629883
-0.3807173073291779
-0.3807173073291779
0.2928594648838043
0.2342875748872757
-0.3514313697814941
-1.0542941093444824
0.0585718937218189
0.2928594648838043
0.4100032448768616
-1.2300097942352295
-0.1171437874436378
0.7321486473083496
-0.7321486473083496
0.0878578424453735
0.1464297324419022
0.3514313697814941
1.0250080823898315
0.8785784244537354
0.0292859468609095
0.3514313697814941
0.2050016224384308
-0.3514313697814941
0.3807173073291779
-0.4685751497745514
0.5857189297676086
-0.2342875748872757
-0.0292859468609095
0.0878578424453735
-0.4685751497745514
-0.2342875748872757
-0.4685751497745514
0.2050016224384308
0.6442908048629761
0.3221454024314880
-0.9957221746444702
0.7028627395629883
0.6150048971176147
-1.2300097942352295
-0.4685751497745514
0.1171437874436378
0.0585718937218189
-1.5814411640167236
-0.7614346146583557
0.3514313697814941
-0.3514313697814941
-0.0585718937218189
0.0000000000000000
0.4978610873222351
0.4100032448768616
0.4685751497745514
0.1171437874436378
0.4100032448768616
-0.2050016224384308
-0.3807173073291779
-0.5564329624176025
-0.5857189297676086
0.2928594648838043
-1.3471535444259644
-0.2928594648838043
0.1171437874436378
-0.4100032448768616
-0.1171437874436378
-0.9078643321990967
0.5857189297676086
-0.4685751497745514
-0.3807173073291779
0.4100032448768616
0.3221454024314880
-0.4100032448768616
-0.9371502995491028
0.1171437874436378
0.2050016224384308
0.4685751497745514
-1.3764394521713257
-0.4392892122268677
0.5857189297676086
-0.7614346146583557
0.0000000000000000
-0.7321486473083496
0.5857189297676086
-0.1171437874436378
-0.2635735273361206
-0.0292859468609095
0.0878578424453735
-0.2050016224384308
-0.6150048971176147
-0.0292859468609095
0.3807173073291779
0.2928594648838043
-0.9371502995491028
0.1171437874436378
0.2050016224384308
-0.7614346146583557
-0.0585718937218189
-0.2928594648838043
0.2928594648838043
-0.1757156848907471
-0.2635735273361206
-0.2050016224384308
0.0878578424453735
-0.2342875748872757
-0.1171437874436378
-0.2928594648838043
-0.0878578424453735
-0.0585718937218189
-0.5271470546722412
-0.0292859468609095
0.0878578424453735
-0.1171437874436378
0.0292859468609095
-0.0292859468609095
0.4685751497745514
0.0585718937218189
-0.2342875748872757
-0.3221454024314880
0.2928594648838043
-0.4392892122268677
-0.2050016224384308
-0.1464297324419022
0.1757156848907471
0.2635735273361206
-0.1757156848907471
0.3514313697814941
0.3221454024314880
-0.0000000000000000
-0.0292859468609095
1.4350113868713379
-0.1757156848907471
-0.1757156848907471
0.8200064897537231
0.2635735273361206
0.4978610873222351
-0.0585718937218189
-0.2928594648838043
0.4100032448768616
0.0000000000000000
-0.3221454024314880
0.5564329624176025
-0.0878578424453735
0.2635735273361206
-0.4685751497745514
0.2050016224384308
0.4978610873222351
0.2928594648838043
-0.7321486473083496
-0.4685751497745514
0.9664362668991089
-0.1171437874436378
0.6150048971176147
0.4100032448768616
0.0878578424453735
0.2928594648838043
0.6150048971176147
1.0835800170898438
0.2342875748872757
0.4978610873222351
-0.3514313697814941
-0.0292859468609095
0.3807173073291779
0.2928594648838043
0.2928594648838043
-0.6442908048629761
-0.0585718937218189
0.3221454024314880
0.0000000000000000
0.0585718937218189
-0.0878578424453735
0.2342875748872757
0.4685751497745514
0.5857189297676086
0.4100032448768616
0.1757156848907471
0.2050016224384308
0.0878578424453735
0.1171437874436378
0.4100032448768616
0.0878578424453735
-0.2342875748872757
-0.3514313697814941
-0.0292859468609095
-0.4978610873222351
0.1464297324419022
-0.2635735273361206
0.1171437874436378
0.1464297324419022
0.0878578424453735
0.3221454024314880
0.1757156848907471
0.0292859468609095
0.1171437874436378
-0.0585718937218189
0.3221454024314880
0.0585718937218189
-0.3514313697814941
-0.1171437874436378
-0.0878578424453735
-0.2928594648838043
-0.0292859468609095
-0.1464297324419022
-0.1171437874436378
-0.0585718937218189
-0.2342875748872757
0.2342875748872757
-0.3807173073291779
-0.3221454024314880
0.3221454024314880
0.0292859468609095
-0.2342875748872757
-0.3221454024314880
-0.3807173073291779
0.4685751497745514
-0.0878578424453735
-0.0585718937218189
0.2635735273361206
0.0585718937218189
-0.6735767722129822
0.6735767722129822
-0.4685751497745514
0.4100032448768616
0.3514313697814941
0.1171437874436378
0.2635735273361206
0.1464297324419022
0.2635735273361206
0.1757156848907471
0.0878578424453735
-0.0878578424453735
-0.2050016224384308
0.0292859468609095
0.0292859468609095
0.0878578424453735
0.2342875748872757
-0.1171437874436378
-0.0292859468609095
-0.1464297324419022
0.2928594648838043
-0.1464297324419022
-0.1757156848907471
0.0585718937218189
0.1464297324419022
-0.0585718937218189
0.1171437874436378
0.2635735273361206
-0.2928594648838043
0.4978610873222351
-0.0585718937218189
-0.0878578424453735
-0.0292859468609095
-0.1171437874436378
0.1464297324419022
-0.2342875748872757
-0.0585718937218189
0.0292859468609095
0.0000000000000000
0.1464297324419022
-0.2635735273361206
0.0878578424453735
0.2928594648838043
-0.2342875748872757
-0.5857189297676086
0.4685751497745514
0.1757156848907471
-0.3807173073291779
0.0878578424453735
0.1171437874436378
-0.4100032448768616
0.0878578424453735
0.0585718937218189
-0.2050016224384308
0.2635735273361206
0.3807173073291779
-0.2050016224384308
0.0585718937218189
0.4978610873222351
-0.6735767722129822
-0.2635735273361206
0.3514313697814941
0.3807173073291779
-0.2050016224384308
-0.2342875748872757
0.4100032448768616
-0.6735767722129822
0.3221454024314880
0.1757156848907471
-0.3807173073291779
0.1464297324419022
0.2342875748872757
-0.1464297324419022
-0.0878578424453735
0.2050016224384308
-0.0878578424453735
-0.3221454024314880
0.3807173073291779
0.1171437874436378
-0.1464297324419022
0.1757156848907471
-0.0000000000000000
-0.3807173073291779
-0.0000000000000000
-0.0292859468609095
-0.0878578424453735
0.1464297324419022
0.1171437874436378
-0.0585718937218189
-0.0292859468609095
0.1464297324419022
0.0292859468609095
-0.4100032448768616
0.4100032448768616
-0.1464297324419022
-0.0878578424453735
0.1171437874436378
-0.1171437874436378
0.1171437874436378
-0.4100032448768616
0.0878578424453735
0.0292859468609095
0.1171437874436378
-0.0292859468609095
0.3514313697814941
0.2342875748872757
0.2635735273361206
0.0000000000000000
-0.3514313697814941
0.0878578424453735
-0.1757156848907471
-0.0878578424453735
0.2342875748872757
-0.1464297324419022
0.0878578424453735
-0.4100032448768616
0.2342875748872757
-0.1757156848907471
0.0585718937218189
0.3221454024314880
0.5271470546722412
0.3514313697814941
0.1757156848907471
-0.4100032448768616
-0.2342875748872757
0.4100032448768616
0.0292859468609095
0.1757156848907471
0.6150048971176147
-0.5857189297676086
-0.0000000000000000
0.0000000000000000
0.2635735273361206
-0.0878578424453735
-0.3221454024314880
-0.3514313697814941
0.5857189297676086
1.1421519517898560
0.0585718937218189
-1.0250080823898315
1.0250080823898315
0.1464297324419022
0.8785784244537354
0.2635735273361206
0.3221454024314880
-0.7028627395629883
0.1171437874436378
0.4685751497745514
0.0000000000000000
-0.2635735273361206
-0.7028627395629883
-0.4392892122268677
1.3764394521713257
0.5857189297676086
0.3807173073291779
-1.5814411640167236
-0.0000000000000000
0.6735767722129822
0.6735767722129822
0.1464297324419022
1.0542941093444824
-0.5271470546722412
0.3221454024314880
-0.1757156848907471
0.9371502995491028
-1.6107270717620850
-0.2928594648838043
-0.3514313697814941
0.7321486473083496
0.2050016224384308
0.0292859468609095
-0.5564329624176025
-0.1171437874436378
0.5857189297676086
0.3221454024314880
-0.4392892122268677
0.7321486473083496
-0.3514313697814941
0.4978610873222351
-0.7321486473083496
0.5564329624176025
-0.4392892122268677
-0.4685751497745514
-0.5857189297676086
1.2007237672805786
0.6150048971176147
-0.0878578424453735
-0.7028627395629883
-0.2050016224384308
-0.1757156848907471
0.0878578424453735
-0.1171437874436378
0.8492924571037292
-0.9078643321990967
0.4978610873222351
-0.8492924571037292
0.7614346146583557
-0.3221454024314880
-0.2635735273361206
-0.0585718937218189
0.6442908048629761
0.6150048971176147
-0.6150048971176147
-0.0292859468609095
0.2635735273361206
-0.6735767722129822
0.0292859468609095
0.7321486473083496
0.2342875748872757
-0.7321486473083496
-0.0292859468609095
-0.0000000000000000
0.2928594648838043
0.3514313697814941
-0.2050016224384308
-0.0585718937218189
0.5271470546722412
0.5271470546722412
0.0878578424453735
-0.4392892122268677
-0.2635735273361206
0.2928594648838043
-0.0000000000000000
0.0878578424453735
0.8200064897537231
-0.5271470546722412
0.1171437874436378
-0.3221454024314880
0.4978610873222351
-0.3807173073291779
-0.1171437874436378
0.2342875748872757
0.2635735273361206
0.3514313697814941
0.1171437874436378
-0.1171437874436378
-0.1464297324419022
0.2050016224384308
0.0878578424453735
0.3221454024314880
-0.3221454024314880
-0.2050016224384308
0.0585718937218189
-0.1464297324419022
0.0000000000000000
-0.0878578424453735
0.0878578424453735
0.5857189297676086
-2.4893054962158203
-0.4978610873222351
-1.9035865068435669
1.2885816097259521
-0.1464297324419022
-0.1171437874436378
0.2050016224384308
1.1128659248352051
-3.1921682357788086
1.7278708219528198
-0.0000000000000000
1.6400129795074463
-1.3178676366806030
1.2007237672805786
0.5564329624176025
0.0292859468609095
-1.6985849142074585
-1.7864427566528320
-1.5228692293167114
2.0207302570343018
-0.4685751497745514
-0.3514313697814941
-0.6735767722129822
0.5271470546722412
-3.1043102741241455
1.8450146913528442
0.1757156848907471
1.1421519517898560
-0.8492924571037292
1.4935833215713501
1.1714378595352173
0.1757156848907471
-0.0878578424453735
-1.5521551370620728
-1.4935833215713501
0.8200064897537231
-1.0542941093444824
-2.2257318496704102
-1.0542941093444824
0.0292859468609095
-1.3178676366806030
0.8492924571037292
-1.3471535444259644
1.7571568489074707
0.1757156848907471
1.7864427566528320
0.1464297324419022
0.6735767722129822
-0.8200064897537231
-1.6985849142074585
-0.4685751497745514
0.8200064897537231
-0.1464297324419022
-0.2342875748872757
-0.4978610873222351
0.4392892122268677
-1.3178676366806030
1.0542941093444824
-1.1714378595352173
1.6107270717620850
-0.3221454024314880
0.9371502995491028
1.0250080823898315
0.0878578424453735
-0.9078643321990967
-0.6735767722129822
-0.9371502995491028
0.0878578424453735
0.2928594648838043
-0.1757156848907471
0.5564329624176025
-0.0292859468609095
-2.1964459419250488
1.7278708219528198
-0.8785784244537354
0.3514313697814941
-0.5271470546722412
-0.0292859468609095
0.0878578424453735
0.2928594648838043
0.1757156848907471
0.2635735273361206
-0.1171437874436378
0.0292859468609095
0.1464297324419022
-0.0878578424453735
0.2342875748872757
0.1464297324419022
-0.7321486473083496
0.0585718937218189
0.1757156848907471
0.0878578424453735
-0.0292859468609095
-0.0585718937218189
-0.1171437874436378
0.2050016224384308
-0.4100032448768616
-0.2050016224384308
-0.1171437874436378
-0.1757156848907471
-0.2342875748872757
0.1464297324419022
-0.0878578424453735
-0.0585718937218189
-0.3514313697814941
0.3514313697814941
0.0878578424453735
0.0292859468609095
-0.0585718937218189
-0.0000000000000000
0.4392892122268677
0.3221454024314880
-1.1714378595352173
0.1171437874436378
-0.9371502995491028
0.1464297324419022
0.4100032448768616
0.3514313697814941
0.5857189297676086
1.2007237672805786
-0.7614346146583557
0.5564329624176025
-0.2928594648838043
0.4978610873222351
-0.9664362668991089
0.8200064897537231
0.3514313697814941
-0.0292859468609095
-0.4100032448768616
0.6442908048629761
0.0292859468609095
-0.0292859468609095
0.4978610873222351
0.7614346146583557
0.2928594648838043
0.7614346146583557
-0.1171437874436378
0.5271470546722412
0.1171437874436378
-0.4100032448768616
-0.1757156848907471
-0.0585718937218189
0.0585718937218189
-0.3221454024314880
-0.0000000000000000
0.6442908048629761
-0.1757156848907471
-0.0878578424453735
-0.0000000000000000
1.0542941093444824
0.4978610873222351
0.3807173073291779
0.2928594648838043
-0.2635735273361206
0.3514313697814941
-0.5564329624176025
0.2342875748872757
-0.5271470546722412
0.2050016224384308
0.1171437874436378
-1.3178676366806030
-0.4100032448768616
-1.3178676366806030
2.2550179958343506
0.9957221746444702
-0.5564329624176025
-0.2050016224384308
1.2592957019805908
-0.9664362668991089
1.8450146913528442
0.3514313697814941
0.7614346146583557
0.3807173073291779
0.9371502995491028
-0.3807173073291779
0.1464297324419022
-1.3764394521713257
-0.1757156848907471
-1.6400129795074463
0.7028627395629883
0.1464297324419022
0.2342875748872757
0.2050016224384308
0.8785784244537354
-1.5521551370620728
1.0250080823898315
-0.3514313697814941
0.6150048971176147
-1.3471535444259644
1.0542941093444824
0.5857189297676086
0.4685751497745514
-0.4392892122268677
-0.1757156848907471
0.1171437874436378
-0.0878578424453735
-0.1171437874436378
0.4978610873222351
-0.0585718937218189
0.1757156848907471
-0.0292859468609095
0.3514313697814941
-0.1757156848907471
0.2050016224384308
-0.3807173073291779
-0.4392892122268677
0.6442908048629761
-0.0878578424453735
0.2342875748872757
-0.2635735273361206
-0.2928594648838043
-0.2050016224384308
-0.1757156848907471
-0.0878578424453735
-0.2635735273361206
-0.0585718937218189
0.0000000000000000
-0.0292859468609095
0.0585718937218189
0.0585718937218189
0.1464297324419022
0.1757156848907471
0.1171437874436378
-0.1464297324419022
-0.4685751497745514
0.2050016224384308
0.0585718937218189
-0.8492924571037292
0.2050016224384308
-0.2050016224384308
0.2342875748872757
0.3221454024314880
0.2050016224384308
0.2342875748872757
-0.2342875748872757
0.1757156848907471
0.0878578424453735
-0.3514313697814941
0.4392892122268677
0.0878578424453735
0.2342875748872757
-0.2342875748872757
0.7028627395629883
-0.7028627395629883
-0.3221454024314880
0.2635735273361206
-0.3514313697814941
-0.1171437874436378
0.6150048971176147
0.1757156848907471
-0.2050016224384308
-0.7321486473083496
0.5857189297676086
-0.9078643321990967
-0.3221454024314880
0.0292859468609095
1.7278708219528198
-0.5857189297676086
1.6400129795074463
-0.2635735273361206
-0.5271470546722412
0.7028627395629883
-0.7907205820083618
-1.2592957019805908
2.3721616268157959
-0.4100032448768616
-0.0292859468609095
-1.4057254791259766
0.3221454024314880
-2.0207302570343018
-1.1128659248352051
0.5857189297676086
-1.3178676366806030
-0.8200064897537231
-0.8200064897537231
0.4392892122268677
-0.7907205820083618
-0.7028627395629883
0.2635735273361206
0.5271470546722412
-2.5771632194519043
1.0835800170898438
-0.5271470546722412
0.3221454024314880
-0.0585718937218189
-0.5857189297676086
0.5271470546722412
-0.2050016224384308
-0.5271470546722412
0.2928594648838043
-0.1464297324419022
-0.7028627395629883
0.1464297324419022
-0.0000000000000000
0.3514313697814941
0.2050016224384308
0.1464297324419022
0.2635735273361206
-0.2635735273361206
0.3807173073291779
0.0878578424453735
-0.2342875748872757
0.2928594648838043
-0.1464297324419022
0.0878578424453735
-0.1171437874436378
-0.1464297324419022
-0.5564329624176025
0.0585718937218189
-0.1171437874436378
0.0585718937218189
-0.2928594648838043
0.2050016224384308
-0.3221454024314880
-0.0585718937218189
0.0000000000000000
0.3807173073291779
0.0000000000000000
0.0585718937218189
0.0585718937218189
0.4100032448768616
0.0585718937218189
0.0000000000000000
-0.4100032448768616
-0.3221454024314880
0.2342875748872757
-0.0292859468609095
-0.2928594648838043
0.2635735273361206
-0.3221454024314880
-0.0585718937218189
-0.2928594648838043
0.3514313697814941
0.0292859468609095
-0.2050016224384308
-0.2928594648838043
0.7321486473083496
0.4978610873222351
0.3221454024314880
-1.1128659248352051
-0.3221454024314880
0.4392892122268677
0.0585718937218189
-0.4100032448768616
0.6735767722129822
-0.7614346146583557
0.4100032448768616
0.0585718937218189
0.7321486473083496
-0.0292859468609095
0.1171437874436378
-0.3514313697814941
1.2300097942352295
1.2592957019805908
0.9078643321990967
-1.7864427566528320
0.5564329624176025
0.5857189297676086
0.8492924571037292
-0.1171437874436378
1.3764394521713257
-0.6735767722129822
0.2342875748872757
0.2635735273361206
0.3221454024314880
-0.7614346146583557
-0.4685751497745514
0.7321486473083496
-1.0835800170898438
0.4685751497745514
-1.3471535444259644
1.5521551370620728
0.3514313697814941
-0.2050016224384308
-0.5857189297676086
0.9078643321990967
0.1757156848907471
0.7028627395629883
1.0250080823898315
0.4978610873222351
-0.2050016224384308
0.9371502995491028
-0.4100032448768616
-0.1464297324419022
1.1128659248352051
1.2007237672805786
0.5271470546722412
-1.2885816097259521
-0.3514313697814941
0.2342875748872757
0.2050016224384308
0.0585718937218189
0.9664362668991089
-0.5857189297676086
0.4100032448768616
-0.1464297324419022
0.6442908048629761
-0.0292859468609095
-0.2342875748872757
-0.3221454024314880
0.7321486473083496
0.3807173073291779
-0.0292859468609095
-0.9664362668991089
-0.1171437874436378
0.0878578424453735
0.2635735273361206
-0.2928594648838043
0.6442908048629761
-0.7028627395629883
0.2635735273361206
0.2928594648838043
0.5271470546722412
0.2050016224384308
0.0878578424453735
-0.2050016224384308
0.4978610873222351
-0.0292859468609095
-0.0292859468609095
-0.2635735273361206
-0.3514313697814941
0.0292859468609095
-0.2635735273361206
-0.1757156848907471
0.2635735273361206
-0.4685751497745514
0.0292859468609095
-0.2635735273361206
0.3221454024314880
0.1171437874436378
-0.1757156848907471
0.0292859468609095
0.2050016224384308
0.2928594648838043
0.3514313697814941
-0.3514313697814941
-0.3514313697814941
0.2928594648838043
-0.1464297324419022
-0.2635735273361206
0.0292859468609095
-0.2342875748872757
0.0878578424453735
-0.3514313697814941
0.3514313697814941
-0.2050016224384308
-0.0878578424453735
-0.0585718937218189
0.3514313697814941
0.0292859468609095
0.4100032448768616
-0.3807173073291779
-0.4100032448768616
0.6442908048629761
0.0878578424453735
-0.4685751497745514
0.4392892122268677
-0.2342875748872757
-0.0878578424453735
-0.3807173073291779
0.3221454024314880
-0.4100032448768616
-0.4100032448768616
0.4100032448768616
-0.2050016224384308
-1.1714378595352173
-0.6150048971176147
1.4350113868713379
-0.7907205820083618
-0.6442908048629761
-0.8492924571037292
-0.8200064897537231
0.5271470546722412
0.8492924571037292
-1.3471535444259644
0.0292859468609095
0.3807173073291779
-0.1171437874436378
0.3514313697814941
0.2050016224384308
0.0585718937218189
-1.4350113868713379
-0.7028627395629883
0.9078643321990967
-0.6442908048629761
-0.6735767722129822
-0.0878578424453735
-0.3514313697814941
-2.2550179958343506
-0.1464297324419022
-0.7028627395629883
1.0250080823898315
-0.6442908048629761
0.1757156848907471
0.2635735273361206
0.0292859468609095
0.6735767722129822
0.0585718937218189
0.5857189297676086
-0.6735767722129822
-0.6442908048629761
0.4685751497745514
0.1464297324419022
-0.6150048971176147
1.0542941093444824
-0.8200064897537231
-0.4100032448768616
-0.5564329624176025
0.6150048971176147
-0.5564329624176025
-0.7028627395629883
-0.0585718937218189
0.2928594648838043
-0.2342875748872757
0.4978610873222351
-0.1757156848907471
-0.4392892122268677
0.6150048971176147
0.0292859468609095
-0.5271470546722412
0.2635735273361206
-0.1757156848907471
-0.2050016224384308
-0.4392892122268677
0.2635735273361206
-0.2342875748872757
-0.4100032448768616
0.1464297324419022
0.2928594648838043
0.3807173073291779
0.3221454024314880
-0.2342875748872757
-0.2635735273361206
0.2635735273361206
-0.2928594648838043
-0.0878578424453735
0.1171437874436378
-0.1464297324419022
-0.1464297324419022
-0.3807173073291779
0.2928594648838043
-0.0585718937218189
-0.0878578424453735
0.8785784244537354
-0.4392892122268677
0.1171437874436378
-0.0000000000000000
-0.1464297324419022
0.4978610873222351
0.2342875748872757
-0.3807173073291779
-0.1464297324419022
1.1128659248352051
0.1757156848907471
0.2928594648838043
0.0000000000000000
0.3514313697814941
0.4685751497745514
0.8200064897537231
-0.2635735273361206
0.3221454024314880
0.2342875748872757
-0.2635735273361206
0.1171437874436378
-0.2635735273361206
0.0585718937218189
-0.2342875748872757
-0.3221454024314880
-0.3221454024314880
0.0585718937218189
-0.2050016224384308
0.1464297324419022
0.1464297324419022
0.0585718937218189
-0.3807173073291779
-0.0000000000000000
-0.0000000000000000
0.2635735273361206
-0.4392892122268677
-0.0000000000000000
-0.2342875748872757
-0.2342875748872757
-0.5857189297676086
-0.1757156848907471
-0.2928594648838043
0.1757156848907471
0.0000000000000000
-0.0878578424453735
0.2050016224384308
-0.2635735273361206
-0.4392892122268677
-0.2635735273361206
-0.0585718937218189
0.1757156848907471
-0.6442908048629761
-0.0292859468609095
-0.4100032448768616
-0.3807173073291779
-0.5857189297676086
-0.2050016224384308
0.0292859468609095
-0.0585718937218189
0.1464297324419022
-0.3514313697814941
-0.1757156848907471
-0.2928594648838043
-0.7321486473083496
-0.2928594648838043
-0.3514313697814941
-0.2342875748872757
-0.4392892122268677
0.2050016224384308
-0.0878578424453735
0.0585718937218189
-0.2342875748872757
-0.4100032448768616
-0.0585718937218189
-0.3514313697814941
0.1464297324419022
-0.0585718937218189
-0.6735767722129822
-0.0878578424453735
-0.8492924571037292
-0.2342875748872757
-0.0585718937218189
-0.0000000000000000
-0.5857189297676086
0.2050016224384308
-0.3514313697814941
-0.1464297324419022
-0.6150048971176147
-0.2928594648838043
-0.1757156848907471
-0.0292859468609095
0.2635735273361206
-0.1757156848907471
0.0000000000000000
-0.0878578424453735
-0.7321486473083496
-0.2342875748872757
0.2928594648838043
0.1464297324419022
-0.5271470546722412
0.0585718937218189
-0.2635735273361206
-0.0878578424453735
-0.6150048971176147
-0.1464297324419022
-0.1757156848907471
0.0878578424453735
-0.0878578424453735
-0.0585718937218189
0.4100032448768616
-0.0292859468609095
-0.7028627395629883
-0.3514313697814941
0.2635735273361206
0.0878578424453735
-0.3514313697814941
-0.0878578424453735
-0.0878578424453735
-0.0585718937218189
-0.2635735273361206
-0.3807173073291779
-0.1464297324419022
0.0585718937218189
-0.0878578424453735
0.1171437874436378
-0.0292859468609095
-0.1171437874436378
-0.3514313697814941
-0.3221454024314880
0.2928594648838043
0.0292859468609095
0.1757156848907471
-0.1464297324419022
-0.2635735273361206
0.0292859468609095
-0.2342875748872757
-0.1464297324419022
-0.1757156848907471
0.1171437874436378
-0.2342875748872757
0.1171437874436378
0.1757156848907471
-0.0585718937218189
-0.5564329624176025
-0.4100032448768616
0.8785784244537354
0.3807173073291779
0.7321486473083496
-0.1757156848907471
0.6735767722129822
0.4685751497745514
0.0878578424453735
-0.2635735273361206
1.2592957019805908
0.9664362668991089
-0.1464297324419022
-0.1464297324419022
-0.3221454024314880
-0.1464297324419022
-0.0878578424453735
-1.1128659248352051
0.0292859468609095
0.7907205820083618
0.4685751497745514
-0.7028627395629883
-0.2928594648838043
0.2635735273361206
0.6442908048629761
0.0000000000000000
0.7614346146583557
-0.4978610873222351
-0.5564329624176025
0.0000000000000000
-0.8200064897537231
-0.8200064897537231
-0.5564329624176025
-0.7614346146583557
-0.4685751497745514
-0.8200064897537231
0.8492924571037292
-0.2050016224384308
-1.2300097942352295
0.7321486473083496
0.3514313697814941
0.0878578424453735
-1.0542941093444824
-0.8200064897537231
0.1171437874436378
0.3514313697814941
0.7028627395629883
-0.5564329624176025
-0.2050016224384308
-0.9078643321990967
-0.4685751497745514
-0.2050016224384308
1.0835800170898438
0.0878578424453735
-0.9371502995491028
0.7028627395629883
0.8785784244537354
-0.6150048971176147
-0.4100032448768616
-0.5564329624176025
-0.1171437874436378
0.2050016224384308
0.2050016224384308
-0.3807173073291779
-0.9664362668991089
-0.1757156848907471
0.6442908048629761
0.2342875748872757
0.8200064897537231
0.2342875748872757
0.4392892122268677
0.2635735273361206
0.7028627395629883
-0.7907205820083618
0.0878578424453735
0.4978610873222351
-0.1171437874436378
-0.0292859468609095
-0.0292859468609095
0.2050016224384308
-0.4100032448768616
-0.5564329624176025
0.4685751497745514
0.1757156848907471
0.0585718937218189
-0.3807173073291779
-0.1757156848907471
-0.0878578424453735
-0.2342875748872757
-0.3514313697814941
-0.0292859468609095
0.2635735273361206
-0.2928594648838043
-0.0585718937218189
0.0585718937218189
-0.4685751497745514
-0.6442908048629761
-0.2635735273361206
0.5857189297676086
0.0000000000000000
-0.3514313697814941
-0.0878578424453735
0.3514313697814941
-0.3221454024314880
-0.0878578424453735
-0.4100032448768616
-0.2342875748872757
0.2928594648838043
-0.0000000000000000
0.1757156848907471
0.0878578424453735
0.1464297324419022
-0.6150048971176147
1.8157286643981934
0.3514313697814941
-0.4685751497745514
-1.5228692293167114
0.0292859468609095
0.7614346146583557
-0.3514313697814941
-0.2635735273361206
0.1757156848907471
0.0585718937218189
-0.7907205820083618
0.7614346146583557
0.4978610873222351
-0.0292859468609095
0.8492924571037292
-0.0585718937218189
2.1085882186889648
-0.2050016224384308
-0.1171437874436378
0.2050016224384308
0.3807173073291779
0.0878578424453735
0.8200064897537231
0.2050016224384308
-0.0292859468609095
-0.3807173073291779
0.0585718937218189
1.2300097942352295
-0.3221454024314880
0.5857189297676086
1.2592957019805908
0.8785784244537354
2.0500161647796631
-0.7614346146583557
-0.0878578424453735
2.4014475345611572
1.5228692293167114
0.5857189297676086
1.6400129795074463
1.6985849142074585
-0.1757156848907471
0.7614346146583557
0.1171437874436378
1.0250080823898315
0.0585718937218189
0.2342875748872757
2.4600195884704590
1.1128659248352051
2.1378741264343262
-1.5521551370620728
0.1464297324419022
0.9664362668991089
1.1714378595352173
0.9371502995491028
0.9957221746444702
0.3807173073291779
-0.2635735273361206
1.8157286643981934
0.2635735273361206
2.0207302570343018
-0.0585718937218189
-0.5857189297676086
2.3135898113250732
1.4642972946166992
0.9078643321990967
-0.5271470546722412
-0.9664362668991089
-0.7614346146583557
0.4100032448768616
1.2885816097259521
-0.3221454024314880
-0.2928594648838043
0.4978610873222351
0.9664362668991089
-0.1757156848907471
0.7321486473083496
0.8200064897537231
-0.1757156848907471
0.6150048971176147
1.2885816097259521
-0.0000000000000000
0.5271470546722412
0.0878578424453735
-0.2342875748872757
0.1757156848907471
0.1757156848907471
-0.0585718937218189
0.1171437874436378
-0.2928594648838043
-0.1171437874436378
0.0878578424453735
-0.0878578424453735
0.1171437874436378
0.0878578424453735
0.2635735273361206
-0.2635735273361206
-0.1171437874436378
0.2050016224384308
-0.1171437874436378
-0.2635735273361206
-0.0000000000000000
-0.1171437874436378
-0.0292859468609095
-0.2635735273361206
-0.1464297324419022
-0.0292859468609095
-0.2342875748872757
0.2050016224384308
-0.2635735273361206
-0.1757156848907471
-0.2050016224384308
-0.4685751497745514
0.0292859468609095
0.5271470546722412
0.2928594648838043
-1.7278708219528198
0.0000000000000000
-0.8785784244537354
-0.5271470546722412
-0.7614346146583557
0.1464297324419022
-0.6150048971176147
-0.4392892122268677
0.2635735273361206
0.3807173073291779
0.3807173073291779
-0.0878578424453735
-0.3807173073291779
-0.8200064897537231
0.7321486473083496
0.8785784244537354
-2.3428757190704346
-0.2342875748872757
-0.8200064897537231
-1.0835800170898438
-1.4350113868713379
-0.4100032448768616
-1.0835800170898438
-0.2635735273361206
0.1757156848907471
-0.0585718937218189
0.0878578424453735
-1.3764394521713257
-1.1714378595352173
-1.5521551370620728
0.2635735273361206
-0.0878578424453735
-1.2592957019805908
-0.3514313697814941
-0.2635735273361206
-1.4642972946166992
-1.2592957019805908
-0.0878578424453735
-0.9371502995491028
0.4392892122268677
-0.5271470546722412
0.0585718937218189
0.3221454024314880
-1.6107270717620850
-1.2885816097259521
1.3471535444259644
1.3471535444259644
2.1378741264343262
-1.1421519517898560
-0.2928594648838043
0.1757156848907471
-0.4685751497745514
-1.2592957019805908
-0.5857189297676086
0.9078643321990967
0.7321486473083496
0.3514313697814941
-0.7614346146583557
1.2885816097259521
-0.0000000000000000
0.9078643321990967
0.4392892122268677
0.2342875748872757
0.1171437874436378
-1.5521551370620728
-0.0878578424453735
-0.4100032448768616
-0.9078643321990967
-0.9078643321990967
0.3514313697814941
-0.5564329624176025
-0.5857189297676086
0.4685751497745514
0.1171437874436378
0.9957221746444702
-0.5564329624176025
0.0292859468609095
-0.3514313697814941
0.0585718937218189
-0.1171437874436378
-0.5271470546722412
-0.1757156848907471
-0.0878578424453735
-0.7907205820083618
-0.4100032448768616
0.0000000000000000
-0.0292859468609095
-0.1464297324419022
0.3514313697814941
-0.4392892122268677
0.0878578424453735
-0.3221454024314880
-0.4100032448768616
-0.2342875748872757
-0.2050016224384308
0.1464297324419022
0.1171437874436378
0.1464297324419022
-0.1171437874436378
0.4100032448768616
0.2635735273361206
-0.0585718937218189
0.2635735273361206
-0.3221454024314880
0.1757156848907471
-0.0000000000000000
0.3221454024314880
0.0000000000000000
-0.3221454024314880
-0.2928594648838043
-0.1171437874436378
-0.1464297324419022
-0.3514313697814941
0.0878578424453735
-0.7321486473083496
0.0585718937218189
0.0878578424453735
-0.5271470546722412
0.2050016224384308
-0.5271470546722412
0.2928594648838043
-0.0878578424453735
-0.8200064897537231
-0.2050016224384308
-0.8200064897537231
-0.8785784244537354
0.1757156848907471
0.6735767722129822
-1.2007237672805786
-0.0292859468609095
-0.2635735273361206
-0.6442908048629761
-0.2928594648838043
-0.3807173073291779
-0.3221454024314880
0.1464297324419022
0.0585718937218189
-0.6150048971176147
-0.2050016224384308
-0.8785784244537354
-1.1128659248352051
-0.9371502995491028
0.3514313697814941
0.5564329624176025
-0.8785784244537354
-0.4978610873222351
2.3135898113250732
-0.7614346146583557
-0.3807173073291779
0.1757156848907471
0.8200064897537231
1.3471535444259644
0.0000000000000000
-0.8492924571037292
-0.3514313697814941
-1.7864427566528320
0.4392892122268677
0.6150048971176147
-0.3807173073291779
0.0292859468609095
-0.4100032448768616
0.9664362668991089
1.0835800170898438
-0.3514313697814941
-0.1171437874436378
-0.3221454024314880
1.0542941093444824
0.7028627395629883
0.9664362668991089
-0.8492924571037292
-0.5857189297676086
0.2342875748872757
0.0292859468609095
-0.4978610873222351
-0.0292859468609095
-0.0292859468609095
-0.6442908048629761
0.1464297324419022
-0.7614346146583557
0.0878578424453735
0.0292859468609095
-0.4392892122268677
-0.0292859468609095
-0.4978610873222351
0.1464297324419022
0.0585718937218189
-0.6150048971176147
-0.2928594648838043
-0.9371502995491028
-0.1757156848907471
-0.2928594648838043
-0.3221454024314880
0.4978610873222351
0.0585718937218189
-0.1171437874436378
0.4685751497745514
0.4685751497745514
-0.2928594648838043
0.4685751497745514
-0.0878578424453735
0.1171437874436378
-0.0878578424453735
-0.2928594648838043
0.2342875748872757
-0.2342875748872757
-0.4392892122268677
-0.2050016224384308
0.0585718937218189
-0.1171437874436378
-0.1464297324419022
-0.4685751497745514
0.2635735273361206
-0.0292859468609095
-0.2635735273361206
-0.2050016224384308
-0.0585718937218189
0.0292859468609095
0.2050016224384308
0.2928594648838043
0.1171437874436378
-0.4978610873222351
-0.5271470546722412
-0.6150048971176147
0.0585718937218189
1.0542941093444824
-0.4978610873222351
-1.0835800170898438
1.0542941093444824
0.9664362668991089
-0.3514313697814941
0.0292859468609095
-0.7028627395629883
-0.4978610873222351
0.6150048971176147
-0.2928594648838043
0.0585718937218189
-0.6150048971176147
-0.8785784244537354
-0.2050016224384308
0.1757156848907471
0.6442908048629761
-0.5564329624176025
-0.4100032448768616
0.8200064897537231
0.6150048971176147
-0.2342875748872757
0.7614346146583557
-0.4100032448768616
-0.0292859468609095
0.1464297324419022
-0.6735767722129822
-0.6150048971176147
-0.4685751497745514
2.2550179958343506
-0.6150048971176147
0.2928594648838043
0.3514313697814941
-0.2050016224384308
-0.5564329624176025
0.5857189297676086
0.4100032448768616
0.3221454024314880
1.5228692293167114
0.0292859468609095
0.2928594648838043
0.0292859468609095
1.2885816097259521
0.9078643321990967
1.1714378595352173
-0.9078643321990967
-0.2050016224384308
0.0000000000000000
1.0835800170898438
-0.2928594648838043
-1.0542941093444824
0.6150048971176147
0.4685751497745514
-0.7321486473083496
-0.5271470546722412
-0.8785784244537354
-0.4685751497745514
0.4100032448768616
-0.0000000000000000
-0.5857189297676086
-1.0835800170898438
-0.5271470546722412
-0.5564329624176025
-0.0585718937218189
0.9371502995491028
-0.1464297324419022
-1.0542941093444824
1.2007237672805786
0.7907205820083618
-0.3807173073291779
0.0585718937218189
-0.9078643321990967
-0.2635735273361206
0.7614346146583557
-0.2928594648838043
0.2050016224384308
-0.4100032448768616
-0.1757156848907471
-0.1464297324419022
0.0878578424453735
0.2050016224384308
-0.0292859468609095
-0.1464297324419022
0.3514313697814941
0.2342875748872757
-0.2342875748872757
0.2050016224384308
-0.0292859468609095
-0.0585718937218189
0.2050016224384308
0.4100032448768616
0.3514313697814941
-0.1464297324419022
-0.4978610873222351
0.2928594648838043
0.1464297324419022
-0.2928594648838043
-0.0000000000000000
-0.0585718937218189
0.0292859468609095
-0.2050016224384308
-0.4100032448768616
-0.2635735273361206
0.0585718937218189
-0.1757156848907471
0.0585718937218189
0.1171437874436378
0.0292859468609095
-0.4685751497745514
-0.4685751497745514
0.0585718937218189
0.0292859468609095
-0.3514313697814941
-0.2342875748872757
0.0585718937218189
-0.0292859468609095
-0.3514313697814941
-0.4100032448768616
-0.2928594648838043
0.2635735273361206
-0.0292859468609095
0.1757156848907471
0.3221454024314880
0.1171437874436378
-0.4100032448768616
0.7321486473083496
-0.8492924571037292
-0.3807173073291779
0.3807173073291779
0.1171437874436378
1.9914443492889404
0.0292859468609095
0.3514313697814941
-0.2635735273361206
0.5564329624176025
0.2050016224384308
1.2007237672805786
-0.3514313697814941
0.6442908048629761
0.1171437874436378
1.3471535444259644
0.9078643321990967
-0.8785784244537354
-1.4935833215713501
0.9957221746444702
1.5814411640167236
1.1421519517898560
0.3514313697814941
0.9371502995491028
1.0250080823898315
0.0878578424453735
0.7614346146583557
0.0878578424453735
-0.3514313697814941
0.0292859468609095
1.4935833215713501
1.1128659248352051
-0.9371502995491028
0.1171437874436378
-0.5857189297676086
-0.4392892122268677
0.0000000000000000
-0.1464297324419022
0.1171437874436378
-0.1171437874436378
0.2050016224384308
-0.8200064897537231
0.3807173073291779
-0.2342875748872757
0.4100032448768616
0.0585718937218189
0.0878578424453735
-0.4392892122268677
-0.4392892122268677
-0.1464297324419022
0.0585718937218189
-0.6735767722129822
-0.2635735273361206
-0.0000000000000000
-0.0878578424453735
-0.4100032448768616
-0.3514313697814941
-0.2342875748872757
0.1464297324419022
-0.0878578424453735
-0.1171437874436378
0.4392892122268677
0.1464297324419022
-0.6442908048629761
-0.4100032448768616
0.1464297324419022
0.1757156848907471
-0.3221454024314880
-0.1757156848907471
-0.0292859468609095
-0.1171437874436378
-0.3807173073291779
-0.4392892122268677
-0.2050016224384308
0.1464297324419022
0.0878578424453735
0.0878578424453735
0.2342875748872757
-0.2050016224384308
-0.3514313697814941
