0.2906058728694916
0.2718571126461029
-0.0749950632452965
0.1218669787049294
-0.0093743829056621
-0.2812314927577972
-0.1593645066022873
0.2249851822853088
0.0281231477856636
-0.3749753236770630
0.1406157463788986
-0.1874876618385315
-0.1781132817268372
0.0937438309192657
0.3562265634536743
-0.4124728441238403
0.1781132817268372
0.3562265634536743
-0.5624629855155945
0.6749555468559265
-0.1124925911426544
-0.2343595772981644
-0.2156108021736145
-0.1218669787049294
0.3374777734279633
0.4687191545963287
-0.3093546330928802
-0.4312216043472290
-0.0187487658113241
0.4030984640121460
0.2999802529811859
0.2906058728694916
0.1687388867139816
0.2437339574098587
0.0187487658113241
0.2343595772981644
0.3562265634536743
-0.7030787467956543
-0.4593447744846344
-0.1031182110309601
0.4780935347080231
0.1874876618385315
-0.1593645066022873
-0.2906058728694916
-0.0562462955713272
-0.4405959844589233
-0.3093546330928802
0.0656206831336021
0.2531083524227142
-0.1593645066022873
-0.2718571126461029
-0.1593645066022873
0.1406157463788986
-0.0468719154596329
-0.4874679148197174
0.3562265634536743
-0.2156108021736145
-0.4218472242355347
-0.1312413662672043
-0.3374777734279633
-0.2718571126461029
-0.1124925911426544
-0.3093546330928802
0.4030984640121460
-0.0374975316226482
-0.0093743829056621
0.1406157463788986
0.1124925911426544
-0.1781132817268372
-0.0000000000000000
-0.0093743829056621
-0.0000000000000000
-0.1031182110309601
-0.0937438309192657
-0.1031182110309601
0.0562462955713272
-0.0937438309192657
-0.0187487658113241
0.1312413662672043
-0.0656206831336021
-0.0468719154596329
0.0937438309192657
-0.3093546330928802
0.0656206831336021
-0.0374975316226482
-0.1499901264905930
0.0093743829056621
0.0562462955713272
0.0656206831336021
-0.0562462955713272
-0.2062364220619202
-0.0000000000000000
0.0093743829056621
0.0093743829056621
0.0562462955713272
-0.0187487658113241
-0.1218669787049294
0.1312413662672043
-0.1687388867139816
0.0281231477856636
-0.0374975316226482
-0.1124925911426544
-0.2156108021736145
0.0468719154596329
-0.0000000000000000
-0.0000000000000000
-0.0187487658113241
0.1406157463788986
-0.0468719154596329
-0.0937438309192657
-0.0374975316226482
-0.0468719154596329
0.0656206831336021
-0.0468719154596329
0.0000000000000000
-0.1968620419502258
-0.2156108021736145
0.1031182110309601
0.1031182110309601
0.0843694433569908
-0.1312413662672043
-0.0843694433569908
-0.0468719154596329
-0.1031182110309601
-0.0749950632452965
-0.1593645066022873
-0.0937438309192657
0.2062364220619202
-0.0468719154596329
-0.0187487658113241
0.1312413662672043
0.1031182110309601
-0.2062364220619202
0.0000000000000000
0.0281231477856636
0.0093743829056621
-0.1124925911426544
-0.0749950632452965
-0.0843694433569908
0.0374975316226482
-0.0843694433569908
0.0093743829056621
0.1218669787049294
-0.0843694433569908
-0.0281231477856636
0.0656206831336021
-0.2718571126461029
0.0749950632452965
-0.0374975316226482
-0.1687388867139816
0.0093743829056621
0.0562462955713272
0.0656206831336021
-0.0374975316226482
-0.2156108021736145
0.0187487658113241
0.0562462955713272
0.0187487658113241
0.0656206831336021
-0.0093743829056621
-0.1406157463788986
0.1312413662672043
-0.1687388867139816
0.0000000000000000
-0.0656206831336021
-0.0937438309192657
-0.2437339574098587
0.0468719154596329
-0.0281231477856636
-0.0093743829056621
-0.0187487658113241
0.1124925911426544
-0.0281231477856636
-0.0937438309192657
-0.0187487658113241
-0.0562462955713272
0.0562462955713272
-0.0374975316226482
-0.0281231477856636
-0.1874876618385315
-0.2249851822853088
0.0937438309192657
0.0656206831336021
0.0562462955713272
-0.1312413662672043
-0.0843694433569908
-0.0281231477856636
-0.1124925911426544
-0.0749950632452965
-0.1781132817268372
-0.0656206831336021
0.1968620419502258
-0.0281231477856636
0.0374975316226482
0.0843694433569908
0.1218669787049294
-0.1874876618385315
0.0000000000000000
0.0187487658113241
0.0562462955713272
-0.0937438309192657
-0.0843694433569908
-0.0937438309192657
0.0187487658113241
-0.0656206831336021
-0.0187487658113241
0.1031182110309601
-0.0937438309192657
0.0000000000000000
0.0843694433569908
-0.3093546330928802
0.0749950632452965
-0.0749950632452965
-0.1499901264905930
-0.0093743829056621
0.0093743829056621
0.0937438309192657
-0.0000000000000000
-0.1968620419502258
-0.0000000000000000
0.0374975316226482
0.0374975316226482
0.1031182110309601
0.0468719154596329
-0.1124925911426544
0.1499901264905930
-0.1874876618385315
0.0000000000000000
-0.0000000000000000
-0.1593645066022873
-0.2343595772981644
0.0093743829056621
0.0281231477856636
0.0000000000000000
-0.0281231477856636
0.1031182110309601
-0.0281231477856636
-0.1218669787049294
0.0187487658113241
-0.0468719154596329
0.0374975316226482
0.0000000000000000
-0.0374975316226482
-0.2062364220619202
-0.2156108021736145
0.1312413662672043
0.0468719154596329
0.0843694433569908
-0.1218669787049294
-0.1124925911426544
-0.0562462955713272
-0.1593645066022873
-0.1406157463788986
-0.1593645066022873
-0.0937438309192657
0.2156108021736145
-0.0374975316226482
0.0187487658113241
0.1218669787049294
0.1312413662672043
-0.1687388867139816
0.0093743829056621
0.0000000000000000
0.0187487658113241
-0.0468719154596329
-0.0843694433569908
-0.0843694433569908
0.0562462955713272
-0.1406157463788986
-0.0374975316226482
0.1218669787049294
-0.0843694433569908
0.0000000000000000
0.0749950632452965
-0.2999802529811859
0.1031182110309601
-0.0374975316226482
-0.1499901264905930
-0.0374975316226482
-0.0093743829056621
0.0749950632452965
-0.0468719154596329
-0.1874876618385315
-0.0187487658113241
-0.0093743829056621
-0.0093743829056621
0.0843694433569908
0.0000000000000000
-0.1031182110309601
0.1312413662672043
-0.1968620419502258
0.0187487658113241
-0.0281231477856636
-0.1593645066022873
-0.2624827325344086
0.0093743829056621
0.0093743829056621
-0.0281231477856636
-0.0093743829056621
0.1218669787049294
-0.0749950632452965
-0.1031182110309601
0.0281231477856636
-0.0562462955713272
0.0843694433569908
-0.0187487658113241
-0.0468719154596329
-0.1968620419502258
-0.2062364220619202
0.1312413662672043
0.0749950632452965
0.0937438309192657
-0.1124925911426544
-0.0843694433569908
-0.0656206831336021
-0.1124925911426544
-0.1593645066022873
-0.1687388867139816
-0.1218669787049294
0.2531083524227142
-0.0562462955713272
-0.0093743829056621
0.1218669787049294
0.1218669787049294
-0.1874876618385315
0.0093743829056621
0.0093743829056621
0.0093743829056621
-0.0843694433569908
-0.0749950632452965
-0.0749950632452965
0.0656206831336021
-0.1124925911426544
-0.0374975316226482
0.0937438309192657
-0.0656206831336021
-0.0281231477856636
0.0468719154596329
-0.2812314927577972
0.0749950632452965
-0.0281231477856636
-0.1593645066022873
-0.0093743829056621
0.0187487658113241
0.0468719154596329
-0.0468719154596329
-0.1968620419502258
-0.0093743829056621
0.0093743829056621
0.0000000000000000
0.0656206831336021
-0.0093743829056621
-0.1218669787049294
0.1312413662672043
-0.1781132817268372
0.0187487658113241
-0.0468719154596329
-0.1312413662672043
-0.2343595772981644
0.0468719154596329
-0.0093743829056621
-0.0093743829056621
-0.0000000000000000
0.1218669787049294
-0.0468719154596329
-0.1031182110309601
0.0093743829056621
-0.0656206831336021
0.0843694433569908
-0.0187487658113241
-0.0281231477856636
-0.1874876618385315
-0.2249851822853088
0.1124925911426544
0.0843694433569908
0.0656206831336021
-0.1124925911426544
-0.0656206831336021
-0.0562462955713272
-0.0937438309192657
-0.1124925911426544
-0.1781132817268372
-0.0843694433569908
0.2249851822853088
-0.0468719154596329
-0.0187487658113241
0.1124925911426544
0.0843694433569908
-0.2062364220619202
-0.0093743829056621
0.0187487658113241
0.0187487658113241
-0.1124925911426544
-0.0843694433569908
-0.0843694433569908
0.0281231477856636
-0.0749950632452965
0.0093743829056621
0.1031182110309601
-0.0937438309192657
-0.0281231477856636
0.0656206831336021
-0.2812314927577972
0.0656206831336021
-0.0562462955713272
-0.1499901264905930
0.0093743829056621
0.0562462955713272
0.0656206831336021
-0.0281231477856636
-0.2062364220619202
0.0093743829056621
0.0562462955713272
0.0468719154596329
0.0749950632452965
-0.0093743829056621
-0.1406157463788986
0.1499901264905930
-0.1687388867139816
0.0000000000000000
-0.0374975316226482
-0.1031182110309601
-0.2437339574098587
0.0374975316226482
-0.0187487658113241
-0.0093743829056621
-0.0281231477856636
0.0937438309192657
-0.0187487658113241
-0.1031182110309601
-0.0374975316226482
-0.0468719154596329
0.0468719154596329
-0.0374975316226482
-0.0281231477856636
-0.1781132817268372
-0.2343595772981644
0.0937438309192657
0.0656206831336021
0.0656206831336021
-0.1218669787049294
-0.0843694433569908
-0.0374975316226482
-0.1218669787049294
-0.0656206831336021
-0.1687388867139816
-0.0562462955713272
0.1874876618385315
-0.0281231477856636
-0.0000000000000000
0.1124925911426544
0.0843694433569908
-0.2156108021736145
-0.0187487658113241
0.0281231477856636
0.0374975316226482
-0.1031182110309601
-0.0937438309192657
-0.0843694433569908
0.0374975316226482
-0.0749950632452965
0.0187487658113241
0.1218669787049294
-0.0937438309192657
-0.0187487658113241
0.0562462955713272
-0.2906058728694916
0.0843694433569908
-0.0656206831336021
-0.1406157463788986
0.0187487658113241
0.0374975316226482
0.0843694433569908
-0.0093743829056621
-0.2156108021736145
-0.0093743829056621
0.0562462955713272
0.0374975316226482
0.0843694433569908
0.0374975316226482
-0.1593645066022873
0.1499901264905930
-0.1499901264905930
0.0187487658113241
-0.0281231477856636
-0.1312413662672043
-0.2531083524227142
0.0187487658113241
0.0093743829056621
0.0000000000000000
-0.0187487658113241
0.0843694433569908
-0.0281231477856636
-0.1124925911426544
-0.0374975316226482
-0.0281231477856636
0.0656206831336021
-0.0187487658113241
-0.0374975316226482
-0.1593645066022873
-0.2249851822853088
0.0843694433569908
0.0468719154596329
0.0843694433569908
-0.1312413662672043
-0.0937438309192657
-0.0374975316226482
-0.1124925911426544
-0.0937438309192657
-0.1781132817268372
-0.0656206831336021
0.1874876618385315
-0.0468719154596329
-0.0000000000000000
0.1593645066022873
0.1406157463788986
-0.1968620419502258
0.0000000000000000
0.0093743829056621
-0.0187487658113241
-0.0656206831336021
-0.0843694433569908
-0.1031182110309601
0.0749950632452965
-0.1031182110309601
-0.0468719154596329
0.1218669787049294
-0.0468719154596329
-0.0374975316226482
0.0656206831336021
-0.2812314927577972
0.0749950632452965
-0.0187487658113241
-0.1499901264905930
0.0187487658113241
0.0187487658113241
0.0749950632452965
-0.0749950632452965
-0.2156108021736145
0.0187487658113241
0.0093743829056621
-0.0000000000000000
0.0374975316226482
-0.0281231477856636
-0.1406157463788986
0.1124925911426544
-0.2156108021736145
0.0187487658113241
-0.0749950632452965
-0.1124925911426544
-0.2343595772981644
0.0374975316226482
-0.0281231477856636
-0.0281231477856636
0.0093743829056621
0.1593645066022873
-0.0656206831336021
-0.0749950632452965
0.0093743829056621
-0.0749950632452965
0.0656206831336021
-0.0562462955713272
-0.0093743829056621
-0.1968620419502258
-0.2437339574098587
0.0937438309192657
0.1031182110309601
0.0843694433569908
-0.1312413662672043
-0.0749950632452965
-0.0468719154596329
-0.0749950632452965
-0.1124925911426544
-0.1781132817268372
-0.0937438309192657
0.2249851822853088
0.0093743829056621
0.0374975316226482
0.1406157463788986
0.1312413662672043
-0.1687388867139816
0.0374975316226482
-0.0843694433569908
-0.0468719154596329
0.0093743829056621
-0.0843694433569908
-0.1781132817268372
0.0281231477856636
-0.1312413662672043
-0.1031182110309601
0.1312413662672043
-0.0656206831336021
-0.0093743829056621
0.1218669787049294
-0.2999802529811859
0.1687388867139816
0.0187487658113241
-0.1312413662672043
-0.0562462955713272
0.0281231477856636
0.1312413662672043
-0.0187487658113241
-0.2624827325344086
-0.0281231477856636
-0.0000000000000000
0.0468719154596329
0.0562462955713272
-0.1218669787049294
-0.0000000000000000
0.1968620419502258
-0.2156108021736145
0.0468719154596329
-0.0656206831336021
-0.1968620419502258
-0.2531083524227142
-0.0281231477856636
0.0093743829056621
-0.0374975316226482
-0.0093743829056621
0.1406157463788986
-0.1312413662672043
-0.0749950632452965
0.0374975316226482
-0.1406157463788986
0.0937438309192657
-0.1499901264905930
-0.0281231477856636
-0.2812314927577972
-0.2062364220619202
0.0843694433569908
0.0468719154596329
0.1687388867139816
-0.0843694433569908
-0.1218669787049294
-0.1031182110309601
-0.0749950632452965
-0.1406157463788986
-0.1781132817268372
-0.1781132817268372
0.3374777734279633
-0.0656206831336021
0.0656206831336021
0.1593645066022873
0.1312413662672043
-0.1312413662672043
0.0374975316226482
-0.0562462955713272
0.0187487658113241
-0.0562462955713272
-0.1124925911426544
-0.1031182110309601
0.0468719154596329
-0.0937438309192657
-0.0843694433569908
0.1499901264905930
-0.1031182110309601
-0.0937438309192657
0.0562462955713272
-0.3468521535396576
0.0749950632452965
-0.0749950632452965
-0.1218669787049294
-0.0000000000000000
-0.0093743829056621
0.0749950632452965
-0.0281231477856636
-0.1968620419502258
0.0374975316226482
0.0093743829056621
-0.0374975316226482
0.0187487658113241
0.0374975316226482
-0.1593645066022873
0.1312413662672043
-0.1781132817268372
0.0656206831336021
0.0000000000000000
-0.1874876618385315
-0.1968620419502258
-0.0093743829056621
-0.0000000000000000
0.0562462955713272
0.0281231477856636
0.1593645066022873
-0.0656206831336021
-0.1124925911426544
0.0562462955713272
-0.0937438309192657
0.0656206831336021
0.0187487658113241
-0.0374975316226482
-0.2437339574098587
-0.2062364220619202
0.1218669787049294
0.0749950632452965
0.1124925911426544
-0.1031182110309601
-0.1124925911426544
-0.0843694433569908
-0.1218669787049294
-0.1499901264905930
-0.1499901264905930
-0.1312413662672043
0.2531083524227142
-0.0374975316226482
0.0093743829056621
0.1593645066022873
0.0843694433569908
-0.1593645066022873
-0.0656206831336021
0.0187487658113241
0.0374975316226482
-0.1031182110309601
-0.1218669787049294
-0.0281231477856636
-0.0187487658113241
-0.0843694433569908
-0.0187487658113241
0.1499901264905930
-0.0937438309192657
-0.0562462955713272
0.0468719154596329
-0.3468521535396576
0.0374975316226482
-0.1499901264905930
-0.1218669787049294
0.0187487658113241
-0.0187487658113241
0.0656206831336021
-0.0187487658113241
-0.1312413662672043
0.0468719154596329
-0.0000000000000000
0.0093743829056621
0.0374975316226482
0.0749950632452965
-0.2343595772981644
0.0562462955713272
-0.1687388867139816
0.0374975316226482
0.0187487658113241
-0.1593645066022873
-0.2062364220619202
0.0281231477856636
0.0093743829056621
0.0749950632452965
-0.0093743829056621
0.0656206831336021
-0.0468719154596329
-0.1031182110309601
-0.0374975316226482
0.0281231477856636
0.0281231477856636
0.0187487658113241
-0.0374975316226482
-0.1312413662672043
-0.2249851822853088
0.0843694433569908
0.0468719154596329
0.1031182110309601
-0.0843694433569908
-0.0843694433569908
-0.0187487658113241
-0.1499901264905930
-0.0937438309192657
-0.1406157463788986
-0.1031182110309601
0.0843694433569908
-0.0374975316226482
-0.0562462955713272
0.1687388867139816
0.1124925911426544
-0.1968620419502258
-0.0374975316226482
0.0187487658113241
-0.0281231477856636
-0.1312413662672043
-0.0843694433569908
-0.0843694433569908
0.0562462955713272
-0.0937438309192657
0.0000000000000000
0.1218669787049294
-0.0468719154596329
-0.0937438309192657
0.0468719154596329
-0.3093546330928802
-0.0000000000000000
-0.0937438309192657
-0.1593645066022873
0.0093743829056621
0.0374975316226482
0.0093743829056621
-0.1124925911426544
-0.1406157463788986
0.0468719154596329
0.0093743829056621
-0.0562462955713272
0.0093743829056621
-0.0374975316226482
-0.2249851822853088
0.0749950632452965
-0.1781132817268372
0.0281231477856636
-0.0374975316226482
-0.0843694433569908
-0.2062364220619202
0.0843694433569908
-0.0187487658113241
0.0000000000000000
0.0093743829056621
0.1312413662672043
-0.0656206831336021
-0.0562462955713272
-0.0093743829056621
-0.0187487658113241
0.0468719154596329
-0.0187487658113241
0.0187487658113241
-0.1406157463788986
-0.2624827325344086
0.1031182110309601
0.1593645066022873
0.0843694433569908
-0.1218669787049294
-0.0187487658113241
-0.0187487658113241
-0.0374975316226482
-0.0656206831336021
-0.1499901264905930
-0.0937438309192657
0.1593645066022873
-0.0281231477856636
-0.0749950632452965
0.1968620419502258
0.1406157463788986
-0.2062364220619202
-0.0468719154596329
-0.0281231477856636
-0.0843694433569908
-0.0656206831336021
-0.1031182110309601
-0.1031182110309601
0.0937438309192657
-0.1499901264905930
0.0000000000000000
0.1218669787049294
-0.0187487658113241
-0.0468719154596329
0.0937438309192657
-0.2437339574098587
0.1031182110309601
0.0562462955713272
-0.2062364220619202
0.0281231477856636
0.0749950632452965
0.0281231477856636
-0.1406157463788986
-0.2531083524227142
-0.0187487658113241
0.0374975316226482
-0.0093743829056621
-0.0093743829056621
-0.1499901264905930
-0.0843694433569908
0.1312413662672043
-0.2062364220619202
0.0468719154596329
-0.1406157463788986
-0.0374975316226482
-0.2437339574098587
0.1031182110309601
-0.0562462955713272
-0.0656206831336021
0.0187487658113241
0.1781132817268372
-0.0843694433569908
-0.0374975316226482
-0.0281231477856636
-0.0937438309192657
0.1218669787049294
-0.1687388867139816
0.0374975316226482
-0.2062364220619202
-0.2343595772981644
0.0656206831336021
0.1593645066022873
0.1124925911426544
-0.1593645066022873
-0.0281231477856636
-0.0468719154596329
0.0093743829056621
-0.0468719154596329
-0.1874876618385315
-0.0937438309192657
0.2531083524227142
-0.0468719154596329
0.0000000000000000
0.1499901264905930
0.1218669787049294
-0.1687388867139816
-0.0093743829056621
-0.0281231477856636
-0.0093743829056621
-0.0468719154596329
-0.1124925911426544
-0.0937438309192657
0.0468719154596329
-0.1218669787049294
-0.0562462955713272
0.1218669787049294
-0.0749950632452965
-0.0468719154596329
0.0937438309192657
-0.2906058728694916
0.0749950632452965
-0.0281231477856636
-0.1593645066022873
-0.0000000000000000
0.0468719154596329
0.0749950632452965
-0.0843694433569908
-0.2062364220619202
0.0281231477856636
0.0093743829056621
0.0187487658113241
0.0281231477856636
-0.0468719154596329
-0.1312413662672043
0.1124925911426544
-0.2062364220619202
0.0281231477856636
-0.0749950632452965
-0.1312413662672043
-0.2249851822853088
0.0374975316226482
-0.0281231477856636
-0.0187487658113241
0.0187487658113241
0.1593645066022873
-0.0843694433569908
-0.0843694433569908
-0.0093743829056621
-0.0937438309192657
0.0468719154596329
-0.0656206831336021
0.0000000000000000
-0.2156108021736145
-0.2343595772981644
0.1031182110309601
0.0937438309192657
0.1124925911426544
-0.1406157463788986
-0.0843694433569908
-0.0562462955713272
-0.0843694433569908
-0.0843694433569908
-0.1593645066022873
-0.0937438309192657
0.2249851822853088
-0.0656206831336021
-0.0374975316226482
0.1312413662672043
0.1218669787049294
-0.1781132817268372
0.0000000000000000
-0.0093743829056621
-0.0187487658113241
-0.0937438309192657
-0.1031182110309601
-0.1031182110309601
0.0562462955713272
-0.1031182110309601
-0.0187487658113241
0.1124925911426544
-0.0843694433569908
-0.0749950632452965
0.0749950632452965
-0.2718571126461029
0.0749950632452965
-0.0374975316226482
-0.1499901264905930
0.0093743829056621
0.0656206831336021
0.0468719154596329
-0.0562462955713272
-0.2062364220619202
0.0093743829056621
0.0374975316226482
-0.0093743829056621
0.0374975316226482
-0.0187487658113241
-0.1499901264905930
0.1312413662672043
-0.1781132817268372
0.0374975316226482
-0.0749950632452965
-0.1031182110309601
-0.2156108021736145
0.0562462955713272
-0.0374975316226482
-0.0187487658113241
0.0093743829056621
0.1499901264905930
-0.0468719154596329
-0.0749950632452965
-0.0281231477856636
-0.0656206831336021
0.0562462955713272
-0.0374975316226482
0.0187487658113241
-0.2249851822853088
-0.2343595772981644
0.1031182110309601
0.1031182110309601
0.0937438309192657
-0.1593645066022873
-0.0843694433569908
-0.0374975316226482
-0.0749950632452965
-0.0656206831336021
-0.1687388867139816
-0.0656206831336021
0.2249851822853088
0.1593645066022873
0.0468719154596329
-0.1312413662672043
-0.1593645066022873
-0.1687388867139816
-0.2906058728694916
0.0187487658113241
0.2343595772981644
-0.2812314927577972
-0.3093546330928802
0.0749950632452965
-0.2812314927577972
0.0187487658113241
0.3937240839004517
0.2249851822853088
-0.4405959844589233
0.1687388867139816
0.3093546330928802
-0.3843497037887573
0.4405959844589233
-0.2156108021736145
-0.1406157463788986
-0.0468719154596329
0.1874876618385315
0.1781132817268372
0.4687191545963287
-0.2624827325344086
-0.3281033933162689
0.1968620419502258
0.4874679148197174
0.3093546330928802
0.1781132817268372
-0.0374975316226482
0.2531083524227142
0.1031182110309601
0.1218669787049294
0.2343595772981644
-0.4030984640121460
-0.3843497037887573
0.0562462955713272
0.2718571126461029
0.1124925911426544
-0.2437339574098587
-0.4030984640121460
0.0937438309192657
-0.3374777734279633
-0.5530886054039001
0.2343595772981644
0.0468719154596329
-0.2343595772981644
-0.1124925911426544
-0.0281231477856636
0.0187487658113241
-0.0749950632452965
-0.4499703645706177
0.1874876618385315
-0.2343595772981644
-0.3937240839004517
-0.0000000000000000
-0.3374777734279633
0.0562462955713272
-0.1406157463788986
-0.0187487658113241
0.0562462955713272
-0.0468719154596329
-0.0656206831336021
0.0562462955713272
0.0000000000000000
-0.1218669787049294
-0.1406157463788986
0.0281231477856636
0.1218669787049294
-0.1218669787049294
-0.1781132817268372
0.0281231477856636
-0.1218669787049294
-0.1312413662672043
0.1124925911426544
0.1312413662672043
-0.2343595772981644
0.0281231477856636
0.1781132817268372
-0.2718571126461029
0.1968620419502258
-0.1031182110309601
-0.1312413662672043
-0.0374975316226482
0.0374975316226482
0.0562462955713272
0.1031182110309601
-0.1406157463788986
-0.1406157463788986
0.0656206831336021
0.1687388867139816
0.1312413662672043
0.0937438309192657
-0.1499901264905930
0.1218669787049294
-0.1031182110309601
0.0843694433569908
0.1031182110309601
-0.2343595772981644
-0.2624827325344086
0.0749950632452965
0.0937438309192657
0.0468719154596329
-0.0281231477856636
-0.0562462955713272
-0.0000000000000000
-0.2156108021736145
-0.2156108021736145
0.0656206831336021
0.0374975316226482
-0.0468719154596329
-0.0937438309192657
-0.1218669787049294
-0.1124925911426544
0.0937438309192657
-0.1124925911426544
0.0468719154596329
-0.1499901264905930
-0.1687388867139816
-0.0374975316226482
-0.1781132817268372
-0.0187487658113241
-0.1406157463788986
-0.0281231477856636
0.1312413662672043
-0.0656206831336021
-0.0562462955713272
0.1968620419502258
0.1593645066022873
-0.1593645066022873
-0.0937438309192657
0.0187487658113241
0.0000000000000000
-0.0281231477856636
-0.0843694433569908
0.0000000000000000
-0.0187487658113241
-0.2156108021736145
-0.0374975316226482
0.1124925911426544
-0.0656206831336021
0.0187487658113241
0.0656206831336021
-0.2062364220619202
0.1874876618385315
0.0562462955713272
-0.2062364220619202
-0.0093743829056621
-0.0187487658113241
0.0093743829056621
-0.0374975316226482
-0.1687388867139816
-0.0562462955713272
-0.0187487658113241
0.0374975316226482
0.0562462955713272
-0.0656206831336021
-0.0374975316226482
0.0000000000000000
-0.2624827325344086
0.0468719154596329
-0.0562462955713272
-0.1031182110309601
-0.2531083524227142
0.1031182110309601
-0.0468719154596329
-0.0374975316226482
0.0374975316226482
0.1406157463788986
-0.0187487658113241
-0.1687388867139816
-0.0656206831336021
-0.0187487658113241
0.1406157463788986
-0.1499901264905930
-0.0843694433569908
-0.1874876618385315
-0.1312413662672043
0.1124925911426544
0.0656206831336021
0.0562462955713272
-0.0374975316226482
-0.0656206831336021
-0.0468719154596329
-0.0656206831336021
-0.0937438309192657
-0.2249851822853088
-0.0937438309192657
0.2062364220619202
0.1218669787049294
0.2249851822853088
-0.0281231477856636
0.2249851822853088
-0.0749950632452965
-0.2062364220619202
0.0281231477856636
0.2718571126461029
-0.0562462955713272
-0.1593645066022873
0.1218669787049294
-0.1499901264905930
-0.1593645066022873
0.0093743829056621
0.2156108021736145
-0.2624827325344086
0.2343595772981644
0.1968620419502258
-0.4312216043472290
0.4312216043472290
-0.1218669787049294
-0.2624827325344086
-0.1499901264905930
-0.1968620419502258
0.2718571126461029
0.3187290132045746
-0.1687388867139816
-0.2624827325344086
-0.0749950632452965
0.2062364220619202
0.3093546330928802
0.3093546330928802
0.1124925911426544
0.0656206831336021
-0.1312413662672043
0.0749950632452965
0.2999802529811859
-0.4968422949314117
-0.3656009435653687
-0.0562462955713272
0.3656009435653687
0.1218669787049294
-0.1124925911426544
-0.1406157463788986
0.0281231477856636
-0.3937240839004517
-0.0656206831336021
0.0562462955713272
0.1874876618385315
0.0000000000000000
-0.2718571126461029
-0.1312413662672043
0.0656206831336021
0.1499901264905930
-0.2906058728694916
0.1593645066022873
-0.0374975316226482
-0.2624827325344086
-0.1124925911426544
-0.3468521535396576
-0.3843497037887573
-0.1312413662672043
-0.2812314927577972
0.2624827325344086
0.1874876618385315
0.1406157463788986
-0.1312413662672043
-0.0187487658113241
0.0187487658113241
-0.3468521535396576
-0.0000000000000000
0.2531083524227142
0.0187487658113241
-0.3093546330928802
0.2718571126461029
-0.3562265634536743
-0.2156108021736145
0.1499901264905930
0.2343595772981644
-0.6093348860740662
0.2718571126461029
0.2999802529811859
-0.4312216043472290
0.6374580264091492
-0.2624827325344086
-0.0937438309192657
-0.1499901264905930
-0.0187487658113241
0.2624827325344086
0.5905861258506775
-0.1874876618385315
-0.4124728441238403
0.0656206831336021
0.4874679148197174
0.3656009435653687
0.3468521535396576
-0.0000000000000000
0.1874876618385315
-0.0187487658113241
0.1968620419502258
0.4218472242355347
-0.7030787467956543
-0.4405959844589233
-0.1031182110309601
0.3187290132045746
0.0937438309192657
-0.2156108021736145
-0.4499703645706177
-0.0843694433569908
-0.5249654650688171
-0.4968422949314117
0.1593645066022873
0.0281231477856636
-0.1312413662672043
-0.2999802529811859
-0.0749950632452965
0.1406157463788986
-0.0749950632452965
-0.6562067866325378
0.2718571126461029
-0.2062364220619202
-0.4593447744846344
-0.1406157463788986
-0.4687191545963287
-0.1593645066022873
-0.0281231477856636
-0.1593645066022873
0.1874876618385315
-0.0562462955713272
-0.0281231477856636
0.1218669787049294
0.1124925911426544
-0.1874876618385315
-0.0187487658113241
-0.0093743829056621
-0.0187487658113241
-0.1031182110309601
-0.1218669787049294
-0.0749950632452965
0.0562462955713272
-0.0937438309192657
0.0093743829056621
0.1218669787049294
-0.0749950632452965
-0.0562462955713272
0.0562462955713272
-0.2624827325344086
0.1031182110309601
-0.0187487658113241
-0.1687388867139816
0.0281231477856636
0.0843694433569908
0.0281231477856636
-0.0374975316226482
-0.2343595772981644
-0.0187487658113241
0.0468719154596329
0.0281231477856636
0.0374975316226482
-0.0281231477856636
-0.1218669787049294
0.1312413662672043
-0.1593645066022873
0.0562462955713272
-0.0749950632452965
-0.0937438309192657
-0.2343595772981644
0.0749950632452965
-0.0281231477856636
-0.0000000000000000
0.0187487658113241
0.1218669787049294
-0.0374975316226482
-0.0937438309192657
-0.0749950632452965
-0.0562462955713272
0.0749950632452965
-0.0843694433569908
0.0093743829056621
-0.2062364220619202
-0.2249851822853088
0.0749950632452965
0.0656206831336021
0.0937438309192657
-0.1687388867139816
-0.0749950632452965
-0.0374975316226482
-0.0656206831336021
-0.0374975316226482
-0.1968620419502258
-0.0562462955713272
0.2062364220619202
-0.0187487658113241
0.0093743829056621
0.1218669787049294
0.0937438309192657
-0.1968620419502258
-0.0281231477856636
0.0093743829056621
0.0374975316226482
-0.1124925911426544
-0.0937438309192657
-0.0843694433569908
0.0093743829056621
-0.0843694433569908
0.0000000000000000
0.1218669787049294
-0.0749950632452965
-0.0187487658113241
0.0843694433569908
-0.3093546330928802
0.0656206831336021
-0.0843694433569908
-0.1499901264905930
-0.0093743829056621
0.0187487658113241
0.0749950632452965
-0.0374975316226482
-0.1687388867139816
0.0093743829056621
0.0187487658113241
0.0187487658113241
0.0656206831336021
0.0000000000000000
-0.1406157463788986
0.1124925911426544
-0.1687388867139816
0.0093743829056621
-0.0281231477856636
-0.1218669787049294
-0.2343595772981644
0.0374975316226482
0.0093743829056621
0.0093743829056621
-0.0187487658113241
0.1031182110309601
-0.0468719154596329
-0.0937438309192657
-0.0000000000000000
-0.0281231477856636
0.0468719154596329
-0.0281231477856636
-0.0093743829056621
-0.1593645066022873
-0.2343595772981644
0.1124925911426544
0.0656206831336021
0.1031182110309601
-0.0843694433569908
-0.0843694433569908
-0.0281231477856636
-0.1218669787049294
-0.1124925911426544
-0.1593645066022873
-0.0937438309192657
0.1593645066022873
-0.0656206831336021
-0.0281231477856636
0.1031182110309601
0.1218669787049294
-0.2343595772981644
0.0468719154596329
0.0281231477856636
-0.0281231477856636
-0.1312413662672043
-0.0187487658113241
-0.1593645066022873
0.0374975316226482
-0.0187487658113241
-0.0656206831336021
0.0281231477856636
-0.0374975316226482
-0.0656206831336021
-0.0187487658113241
-0.2156108021736145
0.0093743829056621
-0.0562462955713272
-0.1312413662672043
0.0187487658113241
0.0749950632452965
0.0093743829056621
-0.0093743829056621
-0.2156108021736145
0.0843694433569908
0.0749950632452965
0.0468719154596329
0.0468719154596329
-0.0562462955713272
-0.1406157463788986
0.1406157463788986
-0.1968620419502258
-0.0374975316226482
-0.1031182110309601
-0.0749950632452965
-0.1968620419502258
0.0374975316226482
-0.0843694433569908
-0.0656206831336021
0.0187487658113241
0.1499901264905930
-0.0093743829056621
-0.0749950632452965
-0.0187487658113241
-0.0937438309192657
-0.0093743829056621
-0.0749950632452965
-0.0281231477856636
-0.2437339574098587
-0.2906058728694916
0.1031182110309601
0.0937438309192657
0.0187487658113241
-0.0749950632452965
-0.0656206831336021
-0.0187487658113241
-0.0937438309192657
-0.0187487658113241
-0.2249851822853088
-0.0468719154596329
0.2156108021736145
-0.0656206831336021
-0.0187487658113241
0.1593645066022873
0.1124925911426544
-0.2156108021736145
0.0468719154596329
0.0093743829056621
-0.0656206831336021
-0.1312413662672043
-0.0562462955713272
-0.1124925911426544
0.0937438309192657
-0.0656206831336021
-0.0093743829056621
0.0562462955713272
-0.0187487658113241
-0.0656206831336021
0.0281231477856636
-0.2437339574098587
0.0187487658113241
-0.0093743829056621
-0.1781132817268372
0.0281231477856636
0.1124925911426544
0.0000000000000000
-0.1031182110309601
-0.2249851822853088
0.0749950632452965
0.0468719154596329
0.0281231477856636
0.0187487658113241
-0.1031182110309601
-0.1781132817268372
0.1312413662672043
-0.2062364220619202
-0.0187487658113241
-0.1406157463788986
-0.0374975316226482
-0.2249851822853088
0.0749950632452965
-0.0843694433569908
-0.0281231477856636
0.0187487658113241
0.1593645066022873
-0.0468719154596329
-0.0656206831336021
-0.0187487658113241
-0.1218669787049294
0.0749950632452965
-0.0749950632452965
0.0093743829056621
-0.1874876618385315
-0.3093546330928802
0.0562462955713272
0.1124925911426544
0.0000000000000000
-0.1593645066022873
-0.0187487658113241
-0.0187487658113241
-0.0656206831336021
-0.0093743829056621
-0.2249851822853088
-0.0281231477856636
0.2437339574098587
-0.0374975316226482
-0.0281231477856636
0.1312413662672043
0.0562462955713272
-0.2156108021736145
0.0281231477856636
0.0093743829056621
-0.0374975316226482
-0.0843694433569908
-0.0843694433569908
-0.1218669787049294
0.0937438309192657
-0.0843694433569908
-0.0093743829056621
0.0656206831336021
-0.0843694433569908
-0.0281231477856636
0.0562462955713272
-0.2718571126461029
0.0937438309192657
0.0187487658113241
-0.1218669787049294
0.0187487658113241
0.1312413662672043
0.0374975316226482
-0.0468719154596329
-0.2437339574098587
0.0281231477856636
0.0656206831336021
0.1031182110309601
0.0656206831336021
-0.0749950632452965
-0.1406157463788986
0.1781132817268372
-0.1874876618385315
0.0281231477856636
-0.0937438309192657
-0.1124925911426544
-0.2531083524227142
0.0374975316226482
-0.0656206831336021
-0.0562462955713272
-0.0281231477856636
0.1218669787049294
-0.0562462955713272
-0.0749950632452965
-0.1031182110309601
-0.1124925911426544
0.0374975316226482
-0.1124925911426544
-0.0281231477856636
-0.1781132817268372
-0.2906058728694916
0.0093743829056621
0.0281231477856636
0.0281231477856636
-0.2062364220619202
-0.0843694433569908
-0.0374975316226482
-0.0843694433569908
0.0093743829056621
-0.2062364220619202
-0.0187487658113241
0.2624827325344086
0.2156108021736145
0.1218669787049294
-0.0093743829056621
-0.1593645066022873
-0.1687388867139816
-0.1499901264905930
-0.1499901264905930
0.1312413662672043
-0.3656009435653687
-0.2249851822853088
-0.1218669787049294
-0.0937438309192657
0.0187487658113241
0.3374777734279633
0.2156108021736145
-0.2156108021736145
0.0749950632452965
0.3562265634536743
-0.4312216043472290
0.4218472242355347
-0.0187487658113241
-0.1499901264905930
-0.0749950632452965
0.2343595772981644
0.1312413662672043
0.3749753236770630
-0.2812314927577972
-0.2718571126461029
0.0843694433569908
0.3562265634536743
0.2906058728694916
-0.0093743829056621
0.1406157463788986
0.2812314927577972
0.1593645066022873
0.1124925911426544
0.1874876618385315
-0.3281033933162689
-0.2624827325344086
0.1124925911426544
0.3187290132045746
0.1968620419502258
-0.3374777734279633
-0.2249851822853088
0.1312413662672043
-0.2999802529811859
-0.4687191545963287
0.2062364220619202
0.2812314927577972
-0.2531083524227142
-0.0374975316226482
-0.0468719154596329
0.0187487658113241
-0.0749950632452965
-0.2156108021736145
0.1406157463788986
-0.1687388867139816
-0.3281033933162689
-0.0374975316226482
-0.2624827325344086
0.1406157463788986
-0.1968620419502258
-0.1031182110309601
0.2343595772981644
-0.0281231477856636
0.0093743829056621
0.0749950632452965
0.0749950632452965
-0.1968620419502258
0.0187487658113241
-0.0093743829056621
0.0374975316226482
-0.1031182110309601
-0.0937438309192657
-0.1124925911426544
0.0000000000000000
-0.0281231477856636
-0.0468719154596329
0.0937438309192657
-0.1031182110309601
-0.0374975316226482
0.0374975316226482
-0.2812314927577972
0.1124925911426544
-0.0656206831336021
-0.1031182110309601
0.0093743829056621
0.0749950632452965
0.0749950632452965
0.0937438309192657
-0.2343595772981644
0.0187487658113241
0.0843694433569908
0.1312413662672043
0.0937438309192657
0.0187487658113241
-0.1031182110309601
0.1687388867139816
-0.1593645066022873
0.0281231477856636
-0.0187487658113241
-0.1687388867139816
-0.2343595772981644
-0.0093743829056621
-0.0187487658113241
-0.0093743829056621
-0.0093743829056621
0.0843694433569908
0.0000000000000000
-0.1406157463788986
-0.0937438309192657
-0.0656206831336021
0.0281231477856636
-0.0843694433569908
-0.0937438309192657
-0.2249851822853088
-0.2062364220619202
0.0656206831336021
-0.0281231477856636
0.0562462955713272
-0.0937438309192657
-0.1593645066022873
-0.0281231477856636
-0.1687388867139816
-0.0281231477856636
-0.2062364220619202
-0.0468719154596329
0.2343595772981644
-0.0843694433569908
0.0093743829056621
0.1218669787049294
0.1406157463788986
-0.1781132817268372
0.0187487658113241
0.0187487658113241
0.0187487658113241
-0.0749950632452965
-0.0281231477856636
-0.0937438309192657
0.0093743829056621
-0.0843694433569908
-0.0843694433569908
0.0656206831336021
-0.0749950632452965
-0.0468719154596329
0.0374975316226482
-0.2531083524227142
0.0281231477856636
-0.0749950632452965
-0.1312413662672043
-0.0187487658113241
-0.0093743829056621
0.0749950632452965
-0.0562462955713272
-0.1687388867139816
0.0468719154596329
0.0281231477856636
-0.0093743829056621
0.0562462955713272
0.0187487658113241
-0.1593645066022873
0.1218669787049294
-0.2156108021736145
-0.0187487658113241
-0.0374975316226482
-0.1312413662672043
-0.1968620419502258
0.0093743829056621
-0.0468719154596329
-0.0281231477856636
0.0093743829056621
0.1499901264905930
-0.0562462955713272
-0.1031182110309601
0.0374975316226482
-0.0749950632452965
-0.0093743829056621
0.0093743829056621
-0.0187487658113241
-0.2437339574098587
-0.2343595772981644
0.1499901264905930
0.0843694433569908
0.0562462955713272
-0.0843694433569908
-0.1031182110309601
-0.0656206831336021
-0.1312413662672043
-0.1312413662672043
-0.1593645066022873
-0.0937438309192657
0.1781132817268372
-0.0000000000000000
0.0000000000000000
0.1687388867139816
0.1124925911426544
-0.1874876618385315
-0.0374975316226482
0.0187487658113241
0.0093743829056621
-0.0937438309192657
-0.0749950632452965
-0.0843694433569908
0.0187487658113241
-0.1124925911426544
-0.0187487658113241
0.1406157463788986
-0.0562462955713272
-0.0187487658113241
0.0749950632452965
-0.3187290132045746
0.0656206831336021
-0.0843694433569908
-0.1406157463788986
-0.0000000000000000
-0.0281231477856636
0.0843694433569908
-0.0562462955713272
-0.1781132817268372
0.0000000000000000
-0.0187487658113241
-0.0187487658113241
0.0656206831336021
-0.0000000000000000
-0.1499901264905930
0.0937438309192657
-0.1874876618385315
0.0093743829056621
-0.0000000000000000
-0.1406157463788986
-0.2249851822853088
0.0187487658113241
0.0187487658113241
0.0000000000000000
-0.0187487658113241
0.1031182110309601
-0.0749950632452965
-0.0937438309192657
0.0187487658113241
-0.0187487658113241
0.0749950632452965
-0.0187487658113241
-0.0187487658113241
-0.1593645066022873
-0.2062364220619202
0.1312413662672043
0.0937438309192657
0.0937438309192657
-0.0656206831336021
-0.0749950632452965
-0.0468719154596329
-0.1124925911426544
-0.1312413662672043
-0.1499901264905930
-0.1218669787049294
0.1781132817268372
-0.0374975316226482
-0.0374975316226482
0.1499901264905930
0.1499901264905930
-0.1593645066022873
-0.0281231477856636
-0.0000000000000000
-0.0281231477856636
-0.0656206831336021
-0.0656206831336021
-0.0937438309192657
0.0562462955713272
-0.1593645066022873
-0.0562462955713272
0.1218669787049294
-0.0656206831336021
-0.0562462955713272
0.0937438309192657
-0.2999802529811859
0.0468719154596329
-0.0656206831336021
-0.1406157463788986
-0.0468719154596329
-0.0187487658113241
0.0374975316226482
-0.1218669787049294
-0.1406157463788986
0.0093743829056621
-0.0374975316226482
-0.0843694433569908
0.0187487658113241
-0.0468719154596329
-0.1593645066022873
0.0937438309192657
-0.2062364220619202
0.0187487658113241
-0.0281231477856636
-0.1406157463788986
-0.2062364220619202
0.0562462955713272
0.0000000000000000
-0.0374975316226482
0.0093743829056621
0.1499901264905930
-0.1124925911426544
-0.0656206831336021
0.0468719154596329
-0.0656206831336021
0.0468719154596329
0.0093743829056621
0.0000000000000000
-0.1874876618385315
-0.2249851822853088
0.1593645066022873
0.1406157463788986
0.0937438309192657
-0.1031182110309601
-0.0562462955713272
-0.0656206831336021
-0.0562462955713272
-0.1406157463788986
-0.1124925911426544
-0.1406157463788986
0.2156108021736145
-0.0374975316226482
-0.0749950632452965
0.2249851822853088
0.0937438309192657
-0.2343595772981644
-0.0187487658113241
0.0562462955713272
-0.0656206831336021
-0.0843694433569908
-0.0562462955713272
-0.0937438309192657
0.1312413662672043
-0.1312413662672043
0.0468719154596329
0.1312413662672043
-0.0281231477856636
-0.0656206831336021
0.0468719154596329
-0.2718571126461029
0.0374975316226482
-0.0093743829056621
-0.1687388867139816
0.0562462955713272
0.0562462955713272
0.0093743829056621
-0.1874876618385315
-0.2062364220619202
-0.0093743829056621
0.0093743829056621
-0.1124925911426544
0.0281231477856636
-0.0937438309192657
-0.1968620419502258
0.1218669787049294
-0.1874876618385315
0.0093743829056621
-0.0843694433569908
-0.0374975316226482
-0.2437339574098587
0.0562462955713272
-0.0562462955713272
-0.0374975316226482
-0.0281231477856636
0.1499901264905930
-0.0843694433569908
-0.0468719154596329
0.0374975316226482
-0.0374975316226482
0.1218669787049294
0.0000000000000000
0.0187487658113241
-0.1218669787049294
-0.2624827325344086
0.0843694433569908
0.1874876618385315
0.0656206831336021
-0.1312413662672043
0.0187487658113241
-0.0374975316226482
-0.0093743829056621
-0.1031182110309601
-0.1593645066022873
-0.0656206831336021
0.1968620419502258
0.1124925911426544
0.0843694433569908
0.1499901264905930
-0.0000000000000000
-0.2531083524227142
-0.0843694433569908
0.0374975316226482
0.1031182110309601
-0.0937438309192657
-0.0937438309192657
-0.1031182110309601
0.0000000000000000
-0.0749950632452965
0.1124925911426544
0.2437339574098587
-0.1218669787049294
0.0843694433569908
0.1874876618385315
-0.4499703645706177
0.1593645066022873
-0.1312413662672043
-0.1499901264905930
0.0187487658113241
-0.0093743829056621
0.2156108021736145
-0.0000000000000000
-0.2437339574098587
-0.1124925911426544
0.0187487658113241
-0.0468719154596329
0.1406157463788986
0.0843694433569908
-0.0843694433569908
0.2062364220619202
-0.0749950632452965
0.0281231477856636
0.1312413662672043
-0.2249851822853088
-0.2624827325344086
-0.1031182110309601
0.1406157463788986
0.0937438309192657
-0.2062364220619202
-0.0468719154596329
-0.0281231477856636
-0.1499901264905930
0.0937438309192657
0.0843694433569908
0.1593645066022873
0.0562462955713272
-0.0749950632452965
-0.0656206831336021
-0.1218669787049294
0.0843694433569908
0.0281231477856636
0.2531083524227142
-0.0000000000000000
-0.1406157463788986
-0.0843694433569908
-0.1968620419502258
-0.3093546330928802
-0.0562462955713272
-0.2156108021736145
0.1031182110309601
0.2343595772981644
0.2437339574098587
0.0187487658113241
0.0937438309192657
-0.0843694433569908
-0.2156108021736145
-0.1499901264905930
0.1781132817268372
0.1312413662672043
-0.2906058728694916
0.0937438309192657
-0.1031182110309601
-0.2718571126461029
0.0187487658113241
0.3374777734279633
-0.3093546330928802
0.2062364220619202
0.3562265634536743
-0.5249654650688171
0.5718373656272888
-0.0562462955713272
-0.2156108021736145
-0.1968620419502258
-0.1499901264905930
0.3656009435653687
0.2062364220619202
-0.2999802529811859
-0.3562265634536743
-0.0843694433569908
0.2906058728694916
0.2531083524227142
0.1781132817268372
0.1874876618385315
0.2249851822853088
-0.0843694433569908
0.1593645066022873
0.1874876618385315
-0.5718373656272888
-0.4874679148197174
-0.1593645066022873
0.2812314927577972
0.1124925911426544
-0.1593645066022873
-0.1406157463788986
-0.1031182110309601
-0.3562265634536743
-0.1593645066022873
0.0187487658113241
0.2531083524227142
-0.1499901264905930
-0.2156108021736145
-0.1312413662672043
0.0656206831336021
-0.0187487658113241
-0.3468521535396576
0.4030984640121460
-0.1406157463788986
-0.3468521535396576
-0.1312413662672043
-0.2999802529811859
-0.3843497037887573
-0.1312413662672043
-0.3093546330928802
0.3093546330928802
-0.0187487658113241
-0.0093743829056621
0.1218669787049294
0.1406157463788986
-0.1781132817268372
-0.0000000000000000
-0.0000000000000000
-0.0187487658113241
-0.1124925911426544
-0.0468719154596329
-0.1218669787049294
0.0281231477856636
-0.0937438309192657
-0.0374975316226482
0.1031182110309601
-0.0374975316226482
-0.0468719154596329
0.0749950632452965
-0.3093546330928802
0.0281231477856636
-0.0749950632452965
-0.1406157463788986
-0.0468719154596329
-0.0093743829056621
0.0749950632452965
-0.0656206831336021
-0.1687388867139816
0.0281231477856636
-0.0093743829056621
-0.0374975316226482
0.0562462955713272
-0.0374975316226482
-0.1499901264905930
0.1312413662672043
-0.1968620419502258
-0.0093743829056621
-0.0093743829056621
-0.1406157463788986
-0.1968620419502258
0.0374975316226482
0.0187487658113241
-0.0187487658113241
-0.0187487658113241
0.1312413662672043
-0.0937438309192657
-0.0562462955713272
0.0468719154596329
-0.0562462955713272
0.0374975316226482
0.0000000000000000
0.0093743829056621
-0.1968620419502258
-0.2249851822853088
0.1499901264905930
0.1218669787049294
0.0843694433569908
-0.0937438309192657
-0.0656206831336021
-0.0562462955713272
-0.0937438309192657
-0.1218669787049294
-0.1312413662672043
-0.1312413662672043
0.2156108021736145
-0.0093743829056621
-0.0187487658113241
0.1499901264905930
0.1218669787049294
-0.1968620419502258
-0.0562462955713272
0.0187487658113241
0.0093743829056621
-0.0749950632452965
-0.0656206831336021
-0.0749950632452965
0.0281231477856636
-0.1312413662672043
-0.0000000000000000
0.1218669787049294
-0.0749950632452965
-0.0281231477856636
0.0843694433569908
-0.3187290132045746
0.0562462955713272
-0.0937438309192657
-0.1406157463788986
-0.0187487658113241
-0.0187487658113241
0.0562462955713272
-0.0937438309192657
-0.1406157463788986
-0.0187487658113241
-0.0281231477856636
-0.0656206831336021
0.0562462955713272
-0.0093743829056621
-0.1499901264905930
0.0937438309192657
-0.1968620419502258
0.0187487658113241
0.0093743829056621
-0.1499901264905930
-0.2249851822853088
0.0374975316226482
0.0187487658113241
-0.0093743829056621
-0.0187487658113241
0.1031182110309601
-0.0937438309192657
-0.0937438309192657
0.0374975316226482
-0.0000000000000000
0.0749950632452965
0.0187487658113241
0.0000000000000000
-0.1312413662672043
-0.2062364220619202
0.1312413662672043
0.1124925911426544
0.1124925911426544
-0.0749950632452965
-0.0468719154596329
-0.0562462955713272
-0.0843694433569908
-0.1593645066022873
-0.1218669787049294
-0.1218669787049294
0.1499901264905930
-0.0187487658113241
-0.0281231477856636
0.1312413662672043
0.0843694433569908
-0.2249851822853088
-0.0374975316226482
0.0281231477856636
0.0093743829056621
-0.1218669787049294
-0.0843694433569908
-0.0937438309192657
0.0374975316226482
-0.0843694433569908
0.0187487658113241
0.1218669787049294
-0.0562462955713272
-0.0374975316226482
0.0656206831336021
-0.3093546330928802
0.0562462955713272
-0.0843694433569908
-0.1499901264905930
0.0187487658113241
0.0374975316226482
0.0562462955713272
-0.0374975316226482
-0.1874876618385315
0.0093743829056621
0.0093743829056621
0.0187487658113241
0.0562462955713272
-0.0281231477856636
-0.1499901264905930
0.1031182110309601
-0.1687388867139816
0.0093743829056621
-0.0374975316226482
-0.1124925911426544
-0.2343595772981644
0.0468719154596329
-0.0000000000000000
0.0000000000000000
-0.0187487658113241
0.0937438309192657
-0.0374975316226482
-0.0937438309192657
-0.0374975316226482
-0.0093743829056621
0.0749950632452965
-0.0374975316226482
-0.0187487658113241
-0.1312413662672043
-0.2343595772981644
0.0843694433569908
0.0843694433569908
0.0843694433569908
-0.0937438309192657
-0.0562462955713272
-0.0187487658113241
-0.1124925911426544
-0.0749950632452965
-0.1781132817268372
-0.0749950632452965
0.1593645066022873
-0.0937438309192657
-0.0374975316226482
0.1781132817268372
0.1593645066022873
-0.1968620419502258
-0.0093743829056621
0.0468719154596329
-0.0281231477856636
-0.1312413662672043
-0.0468719154596329
-0.0843694433569908
0.0374975316226482
-0.0843694433569908
-0.0281231477856636
0.0843694433569908
-0.0374975316226482
-0.1031182110309601
0.0187487658113241
-0.2531083524227142
-0.0562462955713272
-0.1124925911426544
-0.1499901264905930
0.0374975316226482
0.0093743829056621
0.0281231477856636
-0.1124925911426544
-0.1499901264905930
0.0749950632452965
0.0281231477856636
-0.0749950632452965
0.0000000000000000
0.0000000000000000
-0.2718571126461029
0.0749950632452965
-0.2156108021736145
-0.0187487658113241
-0.0562462955713272
-0.0749950632452965
-0.1593645066022873
0.0749950632452965
-0.0562462955713272
-0.0187487658113241
0.0281231477856636
0.1499901264905930
-0.0562462955713272
-0.0656206831336021
0.0656206831336021
-0.0374975316226482
-0.0093743829056621
0.0374975316226482
0.0468719154596329
-0.1874876618385315
-0.2718571126461029
0.1499901264905930
0.1687388867139816
0.0468719154596329
-0.1031182110309601
-0.0374975316226482
-0.0187487658113241
-0.0937438309192657
-0.1031182110309601
-0.1499901264905930
-0.0749950632452965
0.1031182110309601
-0.0656206831336021
0.0281231477856636
0.1312413662672043
0.2062364220619202
-0.1499901264905930
0.0374975316226482
-0.0281231477856636
-0.0374975316226482
-0.0374975316226482
-0.0562462955713272
-0.1312413662672043
0.0187487658113241
-0.1031182110309601
-0.1499901264905930
0.0749950632452965
-0.0562462955713272
-0.0843694433569908
0.0562462955713272
-0.2812314927577972
0.0093743829056621
-0.0843694433569908
-0.1312413662672043
-0.0374975316226482
-0.0187487658113241
0.0843694433569908
-0.0749950632452965
-0.1687388867139816
0.0843694433569908
-0.0000000000000000
-0.0281231477856636
0.0093743829056621
-0.0281231477856636
-0.1781132817268372
0.1312413662672043
-0.2531083524227142
-0.0000000000000000
-0.0562462955713272
-0.1593645066022873
-0.1781132817268372
0.0093743829056621
-0.0281231477856636
-0.0374975316226482
0.0562462955713272
0.1781132817268372
-0.1312413662672043
-0.0656206831336021
0.1124925911426544
-0.1406157463788986
-0.0374975316226482
-0.0000000000000000
0.0281231477856636
-0.2812314927577972
-0.2718571126461029
0.1593645066022873
0.1218669787049294
0.1031182110309601
-0.1124925911426544
-0.0937438309192657
-0.0656206831336021
-0.0937438309192657
-0.1593645066022873
-0.1312413662672043
-0.1406157463788986
0.2343595772981644
0.0843694433569908
0.0281231477856636
0.0656206831336021
0.0187487658113241
-0.1499901264905930
-0.1031182110309601
-0.0656206831336021
0.0749950632452965
-0.0656206831336021
-0.1124925911426544
-0.0749950632452965
-0.0749950632452965
-0.1124925911426544
0.0093743829056621
0.1499901264905930
-0.1687388867139816
0.0562462955713272
0.1687388867139816
-0.3374777734279633
0.2812314927577972
-0.0468719154596329
-0.0749950632452965
-0.0656206831336021
-0.0000000000000000
0.1406157463788986
0.1874876618385315
-0.2156108021736145
-0.1124925911426544
0.0187487658113241
0.2062364220619202
0.1593645066022873
0.0187487658113241
0.0281231477856636
0.1499901264905930
-0.1124925911426544
0.0749950632452965
0.1124925911426544
-0.2812314927577972
-0.2718571126461029
-0.0093743829056621
0.1031182110309601
-0.0000000000000000
-0.1406157463788986
-0.0281231477856636
-0.0000000000000000
-0.2156108021736145
-0.2156108021736145
0.0749950632452965
0.1312413662672043
-0.2062364220619202
-0.1218669787049294
-0.1968620419502258
-0.0656206831336021
0.0281231477856636
-0.1124925911426544
0.1687388867139816
-0.0562462955713272
-0.2343595772981644
-0.0656206831336021
-0.1874876618385315
-0.0374975316226482
-0.1593645066022873
-0.1593645066022873
0.2062364220619202
-0.1031182110309601
-0.0093743829056621
0.1593645066022873
0.1968620419502258
-0.1874876618385315
0.0093743829056621
0.0374975316226482
-0.0374975316226482
-0.1124925911426544
-0.0468719154596329
-0.0937438309192657
0.0468719154596329
-0.0562462955713272
-0.0562462955713272
0.0656206831336021
-0.0374975316226482
-0.1124925911426544
0.0187487658113241
-0.2249851822853088
-0.0562462955713272
-0.0843694433569908
-0.1499901264905930
0.0187487658113241
0.0093743829056621
0.0187487658113241
-0.1312413662672043
-0.1593645066022873
0.1124925911426544
0.0374975316226482
-0.0656206831336021
0.0000000000000000
-0.0093743829056621
-0.2531083524227142
0.1031182110309601
-0.2249851822853088
-0.0374975316226482
-0.0843694433569908
-0.0656206831336021
-0.1593645066022873
0.0656206831336021
-0.0562462955713272
-0.0468719154596329
0.0562462955713272
0.1874876618385315
-0.0749950632452965
-0.0562462955713272
0.0843694433569908
-0.0843694433569908
-0.0374975316226482
0.0187487658113241
0.0468719154596329
-0.2437339574098587
-0.2999802529811859
0.1499901264905930
0.1781132817268372
0.0374975316226482
-0.1406157463788986
-0.0562462955713272
-0.0187487658113241
-0.0656206831336021
-0.1031182110309601
-0.1499901264905930
-0.0749950632452965
0.1593645066022873
-0.0656206831336021
-0.0187487658113241
0.1312413662672043
0.1499901264905930
-0.1968620419502258
-0.0187487658113241
0.0374975316226482
-0.0093743829056621
-0.1499901264905930
-0.0562462955713272
-0.0843694433569908
0.0093743829056621
-0.0562462955713272
-0.0281231477856636
0.0937438309192657
-0.0374975316226482
-0.0843694433569908
0.0281231477856636
-0.2812314927577972
-0.0468719154596329
-0.1312413662672043
-0.1499901264905930
0.0000000000000000
-0.0000000000000000
0.0374975316226482
-0.0749950632452965
-0.1312413662672043
0.0749950632452965
0.0281231477856636
-0.0562462955713272
0.0093743829056621
0.0187487658113241
-0.2437339574098587
0.0937438309192657
-0.2156108021736145
-0.0374975316226482
-0.0374975316226482
-0.0843694433569908
-0.1687388867139816
0.0656206831336021
-0.0281231477856636
-0.0187487658113241
0.0187487658113241
0.1312413662672043
-0.0562462955713272
-0.0562462955713272
0.0749950632452965
-0.0281231477856636
-0.0281231477856636
0.0374975316226482
0.0374975316226482
-0.1968620419502258
-0.2624827325344086
0.1499901264905930
0.1406157463788986
0.0468719154596329
-0.0843694433569908
-0.0562462955713272
-0.0093743829056621
-0.1124925911426544
-0.1124925911426544
-0.1312413662672043
-0.0937438309192657
0.1124925911426544
-0.0187487658113241
-0.0187487658113241
0.1312413662672043
0.0937438309192657
-0.2062364220619202
-0.0187487658113241
0.0187487658113241
0.0093743829056621
-0.1312413662672043
-0.0937438309192657
-0.1031182110309601
0.0281231477856636
-0.0749950632452965
0.0093743829056621
0.1406157463788986
-0.0656206831336021
-0.0374975316226482
0.0656206831336021
-0.2999802529811859
0.0656206831336021
-0.0749950632452965
-0.1499901264905930
0.0093743829056621
0.0468719154596329
0.0562462955713272
-0.0187487658113241
-0.1874876618385315
0.0000000000000000
0.0281231477856636
0.0187487658113241
0.0562462955713272
-0.0093743829056621
-0.1499901264905930
0.1124925911426544
-0.1593645066022873
0.0281231477856636
-0.0281231477856636
-0.1031182110309601
-0.2249851822853088
0.0468719154596329
0.0000000000000000
0.0093743829056621
-0.0187487658113241
0.0937438309192657
-0.0281231477856636
-0.0937438309192657
-0.0468719154596329
-0.0093743829056621
0.0656206831336021
-0.0468719154596329
-0.0187487658113241
-0.1593645066022873
-0.2156108021736145
0.0843694433569908
0.0843694433569908
0.0843694433569908
-0.1031182110309601
-0.0843694433569908
-0.0281231477856636
-0.1124925911426544
-0.0656206831336021
-0.1781132817268372
-0.0843694433569908
0.1781132817268372
-0.0187487658113241
0.0093743829056621
0.1218669787049294
0.0937438309192657
-0.2062364220619202
-0.0093743829056621
0.0093743829056621
-0.0000000000000000
-0.1406157463788986
-0.1031182110309601
-0.1031182110309601
0.0281231477856636
-0.0656206831336021
0.0093743829056621
0.1312413662672043
-0.0374975316226482
-0.0374975316226482
0.0656206831336021
-0.3093546330928802
0.0656206831336021
-0.0656206831336021
-0.1781132817268372
0.0093743829056621
0.0749950632452965
0.0843694433569908
-0.0187487658113241
-0.1968620419502258
0.0187487658113241
0.0374975316226482
0.0281231477856636
0.0656206831336021
-0.0093743829056621
-0.1218669787049294
0.1218669787049294
-0.1499901264905930
0.0093743829056621
-0.0562462955713272
-0.0937438309192657
-0.2249851822853088
0.0468719154596329
0.0093743829056621
0.0093743829056621
-0.0281231477856636
0.1124925911426544
-0.0187487658113241
-0.0749950632452965
-0.0374975316226482
-0.0374975316226482
0.0562462955713272
-0.0468719154596329
0.0093743829056621
-0.1781132817268372
-0.2249851822853088
0.0937438309192657
0.0749950632452965
0.0937438309192657
-0.1124925911426544
-0.0843694433569908
-0.0187487658113241
-0.1218669787049294
-0.0656206831336021
-0.1781132817268372
-0.0843694433569908
0.1781132817268372
-0.0468719154596329
-0.0187487658113241
0.1406157463788986
0.0937438309192657
-0.2156108021736145
-0.0093743829056621
0.0374975316226482
0.0187487658113241
-0.0843694433569908
-0.0937438309192657
-0.1124925911426544
0.0656206831336021
-0.1031182110309601
0.0187487658113241
0.1406157463788986
-0.0656206831336021
-0.0093743829056621
0.0656206831336021
-0.2999802529811859
0.0843694433569908
-0.0281231477856636
-0.1593645066022873
0.0187487658113241
0.0281231477856636
0.0656206831336021
-0.0656206831336021
-0.2062364220619202
0.0000000000000000
0.0187487658113241
-0.0093743829056621
0.0656206831336021
-0.0187487658113241
-0.1218669787049294
0.1031182110309601
-0.1874876618385315
0.0281231477856636
-0.0562462955713272
-0.1031182110309601
-0.2531083524227142
0.0374975316226482
0.0000000000000000
-0.0093743829056621
-0.0187487658113241
0.1406157463788986
-0.0468719154596329
-0.0749950632452965
-0.0093743829056621
-0.0468719154596329
0.0937438309192657
-0.0374975316226482
-0.0281231477856636
-0.1593645066022873
-0.2249851822853088
0.0937438309192657
0.0937438309192657
0.0937438309192657
-0.1124925911426544
-0.0562462955713272
-0.0374975316226482
-0.0843694433569908
-0.1031182110309601
-0.1874876618385315
-0.0749950632452965
0.2156108021736145
0.1124925911426544
0.0937438309192657
-0.0468719154596329
-0.0093743829056621
-0.0843694433569908
-0.2718571126461029
-0.0656206831336021
0.2156108021736145
-0.1124925911426544
-0.2812314927577972
0.0843694433569908
-0.1968620419502258
-0.0656206831336021
0.1874876618385315
0.2249851822853088
-0.3656009435653687
0.1312413662672043
0.2906058728694916
-0.4030984640121460
0.4312216043472290
-0.1499901264905930
-0.1499901264905930
-0.0656206831336021
0.0187487658113241
0.1687388867139816
0.3093546330928802
-0.2156108021736145
-0.2624827325344086
0.0937438309192657
0.2999802529811859
0.2437339574098587
0.1968620419502258
-0.0000000000000000
0.1968620419502258
0.0000000000000000
0.1406157463788986
0.2531083524227142
-0.4405959844589233
-0.2999802529811859
0.0000000000000000
0.2906058728694916
0.1499901264905930
-0.1218669787049294
-0.2156108021736145
-0.0093743829056621
-0.3562265634536743
-0.3093546330928802
0.1031182110309601
0.1312413662672043
-0.1031182110309601
-0.1499901264905930
-0.0937438309192657
0.0093743829056621
0.0187487658113241
-0.3281033933162689
0.1781132817268372
-0.1968620419502258
-0.3187290132045746
-0.0937438309192657
-0.2718571126461029
-0.1218669787049294
-0.1031182110309601
-0.1124925911426544
0.2156108021736145
-0.0000000000000000
0.1406157463788986
0.1031182110309601
0.1406157463788986
-0.0937438309192657
-0.0749950632452965
-0.0468719154596329
0.1031182110309601
0.0374975316226482
-0.1593645066022873
0.1031182110309601
-0.0937438309192657
-0.2062364220619202
-0.0843694433569908
0.1406157463788986
-0.1968620419502258
0.0843694433569908
0.1593645066022873
-0.3187290132045746
0.2624827325344086
-0.0843694433569908
-0.1687388867139816
-0.0656206831336021
-0.0281231477856636
0.1593645066022873
0.1312413662672043
-0.1499901264905930
-0.1406157463788986
-0.0374975316226482
0.1499901264905930
0.1499901264905930
0.1218669787049294
-0.0281231477856636
0.1031182110309601
-0.2062364220619202
0.0562462955713272
0.1124925911426544
-0.2812314927577972
-0.2906058728694916
-0.0562462955713272
0.0468719154596329
0.0562462955713272
-0.0187487658113241
-0.0000000000000000
-0.0749950632452965
-0.3093546330928802
-0.0468719154596329
-0.0374975316226482
0.1031182110309601
-0.0281231477856636
-0.1499901264905930
-0.1499901264905930
-0.0749950632452965
0.0656206831336021
-0.1499901264905930
0.1124925911426544
-0.0843694433569908
-0.1968620419502258
-0.1124925911426544
-0.2906058728694916
-0.2531083524227142
-0.1218669787049294
-0.1499901264905930
0.2062364220619202
-0.0656206831336021
0.0093743829056621
0.1312413662672043
0.1031182110309601
-0.1968620419502258
-0.0093743829056621
0.0281231477856636
-0.0187487658113241
-0.1124925911426544
-0.0937438309192657
-0.0843694433569908
0.0468719154596329
-0.0843694433569908
-0.0187487658113241
0.1124925911426544
-0.0562462955713272
-0.0281231477856636
0.0562462955713272
-0.3093546330928802
0.0562462955713272
-0.0656206831336021
-0.1874876618385315
0.0187487658113241
0.0749950632452965
0.0562462955713272
-0.0749950632452965
-0.1874876618385315
0.0468719154596329
0.0187487658113241
-0.0093743829056621
0.0468719154596329
-0.0281231477856636
-0.1593645066022873
0.0937438309192657
-0.2062364220619202
0.0093743829056621
-0.0749950632452965
-0.0937438309192657
-0.2249851822853088
0.0468719154596329
-0.0281231477856636
0.0093743829056621
-0.0093743829056621
0.1312413662672043
-0.0468719154596329
-0.0656206831336021
-0.0093743829056621
-0.0656206831336021
0.0468719154596329
-0.0187487658113241
0.0093743829056621
-0.1593645066022873
-0.2624827325344086
0.0937438309192657
0.0937438309192657
0.0749950632452965
-0.1312413662672043
-0.0562462955713272
-0.0281231477856636
-0.1031182110309601
-0.0937438309192657
-0.1687388867139816
-0.0656206831336021
0.1781132817268372
-0.0187487658113241
-0.0281231477856636
0.1406157463788986
0.1031182110309601
-0.2343595772981644
0.0093743829056621
0.0468719154596329
-0.0093743829056621
-0.1124925911426544
-0.0656206831336021
-0.1218669787049294
0.0749950632452965
-0.0937438309192657
0.0187487658113241
0.1124925911426544
-0.0374975316226482
-0.0093743829056621
0.0468719154596329
-0.2999802529811859
0.0468719154596329
-0.0468719154596329
-0.1687388867139816
0.0187487658113241
0.0562462955713272
0.0468719154596329
-0.0749950632452965
-0.1968620419502258
0.0000000000000000
-0.0000000000000000
-0.0187487658113241
0.0656206831336021
-0.0562462955713272
-0.1312413662672043
0.1124925911426544
-0.1874876618385315
-0.0093743829056621
-0.0562462955713272
-0.0749950632452965
-0.2531083524227142
0.0374975316226482
-0.0187487658113241
-0.0187487658113241
-0.0281231477856636
0.1218669787049294
-0.0562462955713272
-0.0656206831336021
-0.0000000000000000
-0.0468719154596329
0.0937438309192657
-0.0281231477856636
-0.0093743829056621
-0.1312413662672043
-0.2343595772981644
0.0937438309192657
0.1124925911426544
0.0749950632452965
-0.0937438309192657
-0.0281231477856636
-0.0281231477856636
-0.0843694433569908
-0.0937438309192657
-0.1874876618385315
-0.0749950632452965
0.1968620419502258
0.0000000000000000
0.0281231477856636
0.1031182110309601
0.1124925911426544
-0.1781132817268372
-0.0093743829056621
-0.0093743829056621
0.0281231477856636
-0.1312413662672043
-0.1124925911426544
-0.1124925911426544
0.0468719154596329
-0.0749950632452965
-0.0000000000000000
0.1406157463788986
-0.0656206831336021
-0.0281231477856636
0.0843694433569908
-0.3374777734279633
0.0937438309192657
-0.0562462955713272
-0.1687388867139816
-0.0187487658113241
0.0374975316226482
0.0937438309192657
0.0093743829056621
-0.2062364220619202
-0.0187487658113241
0.0187487658113241
0.0374975316226482
0.0937438309192657
0.0093743829056621
-0.1031182110309601
0.1406157463788986
-0.1499901264905930
0.0281231477856636
-0.0093743829056621
-0.1499901264905930
-0.2437339574098587
0.0281231477856636
0.0562462955713272
0.0281231477856636
-0.0374975316226482
0.1031182110309601
-0.0187487658113241
-0.1031182110309601
-0.0374975316226482
-0.0374975316226482
0.0749950632452965
-0.0374975316226482
-0.0187487658113241
-0.1874876618385315
-0.1968620419502258
0.1031182110309601
0.0562462955713272
0.0843694433569908
-0.1218669787049294
-0.1031182110309601
-0.0281231477856636
-0.1218669787049294
-0.0843694433569908
-0.1687388867139816
-0.1124925911426544
0.2249851822853088
