-0.4757936298847198
1.6784942150115967
-1.1498346328735352
0.0000000000000000
1.4670304059982300
-1.6917107105255127
-1.6917107105255127
1.6784942150115967
-1.6124117374420166
-1.5727622509002686
0.7665564417839050
-0.8458553552627563
-0.5815255641937256
0.3304122388362885
-0.2643297910690308
-0.6343915462493896
0.8722883462905884
0.9648037552833557
-1.0705356597900391
1.3216489553451538
-0.9119378328323364
0.4361441731452942
-0.5683090686798096
-1.3877314329147339
0.5550925731658936
0.4757936298847198
-0.2907627820968628
-0.7533399462699890
-1.0573191642761230
-1.5595457553863525
-0.3568452298641205
1.4141644239425659
-0.2775462865829468
0.5815255641937256
1.3877314329147339
0.0264329798519611
-0.7797728776931763
-0.6343915462493896
-0.6872574687004089
-0.2378968149423599
-0.7136904597282410
1.6652777194976807
-0.3568452298641205
-0.8590718507766724
-1.1101851463317871
-0.6079585552215576
0.7533399462699890
0.7004739642143250
0.0132164899259806
-1.0573191642761230
1.2819994688034058
-0.6211750507354736
0.9648037552833557
-0.4757936298847198
1.6784942150115967
1.2555665969848633
1.0308861732482910
1.1366181373596191
1.3612984418869019
0.5815255641937256
-0.7269069552421570
-1.1498346328735352
-0.3304122388362885
0.7533399462699890
0.0132164899259806
0.5022265911102295
-0.0396494716405869
0.2643297910690308
0.1453813910484314
-0.2114638388156891
-0.6476079821586609
0.3304122388362885
-0.1189484074711800
-0.2114638388156891
0.6343915462493896
0.0528659597039223
0.0660824477672577
-0.3039792776107788
0.0132164899259806
-0.1850308626890182
-0.0396494716405869
0.3700617253780365
-0.2907627820968628
-0.1585978865623474
-0.1850308626890182
-0.1585978865623474
0.2907627820968628
-0.2114638388156891
-0.0792989432811737
0.1850308626890182
0.0528659597039223
0.0925154313445091
0.1982473433017731
-0.6872574687004089
0.0396494716405869
0.0132164899259806
-0.0396494716405869
-0.0792989432811737
0.1057319194078445
0.1585978865623474
-0.2775462865829468
-0.1718143671751022
0.0792989432811737
0.2775462865829468
-0.1321648955345154
0.1585978865623474
0.2378968149423599
-0.0792989432811737
-0.1189484074711800
0.2246803343296051
0.4097111821174622
-0.1585978865623474
-0.1718143671751022
0.0660824477672577
0.2775462865829468
-0.1585978865623474
-0.0396494716405869
0.4493606686592102
-0.1189484074711800
0.4097111821174622
0.0000000000000000
-0.1057319194078445
-0.0528659597039223
0.3171957731246948
0.1585978865623474
-0.1321648955345154
-0.1453813910484314
0.3039792776107788
0.1453813910484314
0.3568452298641205
0.0660824477672577
0.3436287343502045
0.1321648955345154
-0.1718143671751022
-0.5947420597076416
0.3171957731246948
-0.0528659597039223
-0.1850308626890182
0.6608244776725769
0.0132164899259806
0.0396494716405869
-0.3304122388362885
0.0925154313445091
-0.1718143671751022
0.1189484074711800
0.2246803343296051
-0.1585978865623474
-0.2246803343296051
-0.1453813910484314
-0.3039792776107788
0.5022265911102295
-0.1585978865623474
-0.0925154313445091
0.1850308626890182
0.1453813910484314
0.1189484074711800
0.2378968149423599
-0.6608244776725769
-0.0528659597039223
-0.0000000000000000
-0.0528659597039223
-0.1453813910484314
-0.0528659597039223
0.1321648955345154
-0.2643297910690308
-0.1585978865623474
0.2246803343296051
0.2643297910690308
-0.1057319194078445
0.1982473433017731
0.2511132955551147
-0.0528659597039223
-0.0925154313445091
0.4361441731452942
0.3436287343502045
-0.1057319194078445
-0.1718143671751022
0.1321648955345154
0.1585978865623474
-0.1057319194078445
-0.1057319194078445
0.6608244776725769
-0.1585978865623474
0.4361441731452942
-0.0925154313445091
-0.0925154313445091
-0.1321648955345154
0.3436287343502045
0.2246803343296051
-0.0132164899259806
-0.2643297910690308
0.5154430866241455
0.1189484074711800
0.5022265911102295
-0.0396494716405869
0.3832782208919525
0.1585978865623474
-0.4361441731452942
-0.7269069552421570
0.2643297910690308
-0.2907627820968628
-0.4361441731452942
0.7004739642143250
0.1850308626890182
0.0000000000000000
-0.1982473433017731
-0.1057319194078445
-0.0132164899259806
0.0132164899259806
0.3171957731246948
-0.1718143671751022
-0.1321648955345154
-0.2246803343296051
-0.2511132955551147
0.2907627820968628
-0.1057319194078445
-0.0132164899259806
0.3039792776107788
0.0925154313445091
0.1057319194078445
0.0925154313445091
-0.7533399462699890
-0.0528659597039223
0.0660824477672577
-0.0396494716405869
-0.1189484074711800
0.0660824477672577
0.1321648955345154
-0.2907627820968628
-0.1718143671751022
0.2378968149423599
0.0925154313445091
-0.0792989432811737
0.1718143671751022
0.1585978865623474
0.0132164899259806
-0.1321648955345154
0.1057319194078445
0.4493606686592102
-0.0528659597039223
-0.1321648955345154
0.0132164899259806
0.2246803343296051
-0.0792989432811737
-0.0264329798519611
0.5286595821380615
0.2114638388156891
0.4097111821174622
0.1189484074711800
0.0528659597039223
0.0264329798519611
0.1453813910484314
0.1057319194078445
-0.0660824477672577
-0.1453813910484314
0.5286595821380615
-0.1189484074711800
0.8987213373184204
-0.1585978865623474
0.2511132955551147
0.1585978865623474
-0.2643297910690308
-0.6608244776725769
0.3832782208919525
-0.3964946866035461
-0.3304122388362885
0.7269069552421570
-0.1718143671751022
-0.0925154313445091
-0.1982473433017731
-0.1982473433017731
-0.0132164899259806
-0.1718143671751022
0.1453813910484314
-0.3039792776107788
-0.0264329798519611
-0.2643297910690308
-0.3700617253780365
-0.0660824477672577
-0.0792989432811737
0.1453813910484314
0.1982473433017731
-0.1057319194078445
0.1982473433017731
0.1850308626890182
-0.8326388597488403
0.2643297910690308
0.1982473433017731
-0.1057319194078445
-0.0264329798519611
0.0660824477672577
0.1321648955345154
-0.4361441731452942
-0.2511132955551147
0.0132164899259806
0.0925154313445091
-0.1453813910484314
0.2511132955551147
-0.1585978865623474
-0.1321648955345154
-0.0925154313445091
0.1850308626890182
0.4229276776313782
-0.0528659597039223
-0.0396494716405869
-0.1982473433017731
0.3964946866035461
-0.1718143671751022
-0.2511132955551147
0.2907627820968628
0.1718143671751022
0.4890101253986359
-0.1453813910484314
0.2511132955551147
0.1453813910484314
0.1189484074711800
0.1850308626890182
-0.1321648955345154
-0.1189484074711800
0.2114638388156891
0.1585978865623474
0.5418760776519775
0.0792989432811737
0.3039792776107788
0.1189484074711800
-0.1585978865623474
-0.6608244776725769
0.3568452298641205
-0.2114638388156891
-0.3964946866035461
0.6476079821586609
0.0792989432811737
0.0132164899259806
-0.2114638388156891
0.0132164899259806
0.0000000000000000
-0.1057319194078445
0.1057319194078445
-0.1718143671751022
-0.1850308626890182
-0.1718143671751022
-0.2775462865829468
0.1718143671751022
-0.0925154313445091
-0.0000000000000000
0.1850308626890182
0.1057319194078445
0.1321648955345154
0.2643297910690308
-0.6476079821586609
0.0660824477672577
0.0528659597039223
-0.0396494716405869
-0.0925154313445091
-0.0264329798519611
0.1585978865623474
-0.3039792776107788
-0.1321648955345154
0.0660824477672577
0.1057319194078445
-0.0396494716405869
0.2114638388156891
0.1057319194078445
-0.0000000000000000
-0.1057319194078445
0.2246803343296051
0.4097111821174622
-0.1189484074711800
-0.0528659597039223
-0.0264329798519611
0.2643297910690308
-0.1321648955345154
-0.1850308626890182
0.4757936298847198
0.0660824477672577
0.4229276776313782
0.0528659597039223
0.0528659597039223
0.0925154313445091
0.1982473433017731
0.2643297910690308
-0.0396494716405869
-0.2511132955551147
0.2907627820968628
0.1850308626890182
0.3171957731246948
0.0000000000000000
0.4361441731452942
0.0925154313445091
-0.2246803343296051
-0.7136904597282410
0.2378968149423599
-0.1982473433017731
-0.3832782208919525
0.7004739642143250
0.1850308626890182
0.0528659597039223
-0.3964946866035461
0.0528659597039223
-0.0792989432811737
0.0396494716405869
0.3700617253780365
-0.1850308626890182
-0.3039792776107788
-0.1718143671751022
-0.2643297910690308
0.4890101253986359
-0.1585978865623474
-0.0132164899259806
0.2643297910690308
0.0925154313445091
0.1321648955345154
0.2775462865829468
-0.6608244776725769
-0.0000000000000000
0.0528659597039223
-0.0132164899259806
-0.1850308626890182
0.0660824477672577
0.0528659597039223
-0.2643297910690308
-0.2114638388156891
0.2775462865829468
0.2246803343296051
-0.0528659597039223
0.1982473433017731
0.3171957731246948
-0.0660824477672577
-0.1850308626890182
0.3832782208919525
0.4890101253986359
-0.2114638388156891
-0.2775462865829468
0.2114638388156891
0.1585978865623474
-0.1057319194078445
-0.1189484074711800
0.6872574687004089
-0.0792989432811737
0.3700617253780365
-0.0264329798519611
-0.0264329798519611
-0.1453813910484314
0.2643297910690308
0.2775462865829468
-0.0264329798519611
-0.2775462865829468
0.6211750507354736
0.0528659597039223
0.3832782208919525
-0.1189484074711800
0.4890101253986359
0.2907627820968628
-0.3568452298641205
-0.8855048418045044
0.2511132955551147
-0.1850308626890182
-0.3832782208919525
0.6079585552215576
0.0925154313445091
-0.0264329798519611
-0.2907627820968628
-0.0396494716405869
-0.2511132955551147
0.2378968149423599
0.4229276776313782
-0.3039792776107788
-0.1585978865623474
-0.2378968149423599
-0.1718143671751022
0.4625771343708038
-0.2511132955551147
-0.0396494716405869
0.3832782208919525
-0.0528659597039223
0.1585978865623474
0.2114638388156891
-0.5550925731658936
-0.0264329798519611
0.1321648955345154
-0.0925154313445091
-0.2114638388156891
0.1321648955345154
0.1982473433017731
-0.3436287343502045
-0.2246803343296051
0.2378968149423599
0.2511132955551147
-0.1189484074711800
0.2511132955551147
0.3436287343502045
-0.1057319194078445
-0.2643297910690308
0.3171957731246948
0.3832782208919525
-0.1189484074711800
-0.3171957731246948
0.0396494716405869
0.1585978865623474
-0.1189484074711800
-0.0925154313445091
0.5815255641937256
-0.0528659597039223
0.4890101253986359
0.0396494716405869
0.0792989432811737
-0.0528659597039223
0.3304122388362885
0.1189484074711800
-0.2114638388156891
-0.2643297910690308
0.5815255641937256
0.1057319194078445
0.4097111821174622
0.0528659597039223
0.2643297910690308
0.1057319194078445
-0.1718143671751022
-0.4890101253986359
0.2907627820968628
0.0132164899259806
-0.1057319194078445
0.7269069552421570
-0.0132164899259806
0.1718143671751022
-0.3700617253780365
-0.0132164899259806
-0.1850308626890182
-0.0792989432811737
0.3568452298641205
-0.3304122388362885
-0.3171957731246948
-0.0264329798519611
-0.2246803343296051
0.3700617253780365
-0.2643297910690308
-0.1585978865623474
0.3039792776107788
0.0528659597039223
0.0792989432811737
0.1982473433017731
-0.5815255641937256
0.0264329798519611
-0.1321648955345154
-0.0000000000000000
-0.2511132955551147
-0.0264329798519611
0.2246803343296051
-0.2378968149423599
-0.1321648955345154
0.2246803343296051
0.3304122388362885
-0.0660824477672577
0.0132164899259806
0.3171957731246948
-0.0528659597039223
-0.1321648955345154
0.0925154313445091
0.2246803343296051
-0.1718143671751022
-0.2246803343296051
0.0660824477672577
0.2775462865829468
-0.0132164899259806
-0.0264329798519611
0.5815255641937256
-0.2775462865829468
0.3964946866035461
-0.0660824477672577
-0.1718143671751022
-0.3568452298641205
0.4625771343708038
0.2378968149423599
-0.1850308626890182
-0.0792989432811737
0.4361441731452942
0.2907627820968628
0.9515872597694397
0.1850308626890182
-0.1057319194078445
-0.1189484074711800
-0.2907627820968628
-0.7004739642143250
0.3832782208919525
-0.1850308626890182
-0.3436287343502045
0.8194223642349243
-0.0264329798519611
0.2643297910690308
0.0264329798519611
0.1453813910484314
-0.1982473433017731
-0.0396494716405869
0.7269069552421570
-0.7269069552421570
-0.4890101253986359
-0.2378968149423599
-0.3568452298641205
0.1321648955345154
-0.3304122388362885
-0.2511132955551147
0.1982473433017731
-0.0925154313445091
0.3964946866035461
0.0264329798519611
-0.3171957731246948
0.2643297910690308
-0.2511132955551147
0.3964946866035461
-0.1982473433017731
0.2643297910690308
0.6872574687004089
-0.4097111821174622
0.1850308626890182
-0.1453813910484314
0.0528659597039223
0.1321648955345154
-0.0132164899259806
0.1189484074711800
0.0528659597039223
-0.0660824477672577
-0.0132164899259806
0.4361441731452942
-0.3304122388362885
0.0528659597039223
0.3039792776107788
0.4625771343708038
-0.1453813910484314
0.0264329798519611
0.4757936298847198
-0.5947420597076416
0.5550925731658936
0.1453813910484314
-0.1585978865623474
-0.2775462865829468
0.6476079821586609
0.1718143671751022
-0.0660824477672577
0.0528659597039223
-0.2511132955551147
-0.1453813910484314
1.3216489553451538
-0.0132164899259806
-0.0132164899259806
0.3304122388362885
-0.3964946866035461
-0.9251542687416077
0.5550925731658936
-0.2907627820968628
-0.5683090686798096
1.2159171104431152
0.0000000000000000
0.3039792776107788
-0.5154430866241455
-0.3568452298641205
-0.3832782208919525
-0.3436287343502045
0.5022265911102295
-0.3568452298641205
-0.0132164899259806
0.0000000000000000
-0.5022265911102295
0.2114638388156891
-0.5815255641937256
-0.5022265911102295
0.2775462865829468
-0.3568452298641205
0.4361441731452942
0.5550925731658936
-0.8722883462905884
0.5815255641937256
-0.3964946866035461
0.0660824477672577
-0.4493606686592102
-0.1850308626890182
0.5683090686798096
-0.2511132955551147
0.1321648955345154
0.2643297910690308
0.6211750507354736
-0.2907627820968628
-0.1453813910484314
0.3171957731246948
0.2246803343296051
-0.4229276776313782
0.1453813910484314
0.2114638388156891
-0.2643297910690308
0.1585978865623474
0.0396494716405869
0.6343915462493896
-0.0132164899259806
-0.2775462865829468
0.2643297910690308
-0.2246803343296051
1.1234016418457031
0.0528659597039223
-0.4493606686592102
-0.2114638388156891
0.6872574687004089
0.6211750507354736
-0.6740409731864929
0.5022265911102295
0.0396494716405869
-0.2246803343296051
0.6079585552215576
-0.4757936298847198
-0.0000000000000000
0.0925154313445091
-0.4493606686592102
-0.7665564417839050
0.5286595821380615
-0.3039792776107788
0.0660824477672577
0.8062058687210083
-0.3700617253780365
-0.2114638388156891
-0.5286595821380615
-0.2114638388156891
-0.3039792776107788
0.3568452298641205
0.9383707642555237
-0.7665564417839050
-0.1189484074711800
-0.1321648955345154
-0.3171957731246948
0.2907627820968628
-0.2378968149423599
-0.1321648955345154
0.5683090686798096
0.2378968149423599
-0.2114638388156891
0.0660824477672577
-0.9119378328323364
-0.0396494716405869
-0.1321648955345154
0.1453813910484314
-0.1585978865623474
0.1850308626890182
0.2114638388156891
-0.5154430866241455
-0.4625771343708038
0.4757936298847198
0.3568452298641205
-0.0660824477672577
-0.2378968149423599
0.2246803343296051
-0.4097111821174622
-0.4757936298847198
0.3964946866035461
0.4493606686592102
-0.0660824477672577
-0.3436287343502045
0.1189484074711800
0.5022265911102295
-0.1057319194078445
0.1453813910484314
0.5815255641937256
-0.1189484074711800
0.6476079821586609
0.5022265911102295
-0.4229276776313782
-0.4229276776313782
0.3436287343502045
-0.1585978865623474
-0.2114638388156891
-0.2907627820968628
0.5947420597076416
-0.1982473433017731
0.4890101253986359
-0.1453813910484314
0.2246803343296051
0.1321648955345154
-0.3171957731246948
-0.9515872597694397
0.2114638388156891
0.0000000000000000
0.1057319194078445
0.9383707642555237
-0.2775462865829468
-0.0396494716405869
-0.4625771343708038
-0.0660824477672577
-0.5154430866241455
0.4097111821174622
0.9251542687416077
-0.8326388597488403
-0.3832782208919525
-0.2246803343296051
-0.2378968149423599
0.4890101253986359
-0.2246803343296051
-0.0792989432811737
0.4493606686592102
0.2643297910690308
-0.0792989432811737
0.3304122388362885
-0.8855048418045044
-0.1321648955345154
-0.0792989432811737
0.1321648955345154
-0.1585978865623474
0.2246803343296051
0.2907627820968628
-0.4890101253986359
-0.2378968149423599
0.2246803343296051
0.6211750507354736
-0.3039792776107788
-0.0132164899259806
0.5022265911102295
-0.4493606686592102
-0.2246803343296051
0.6079585552215576
0.2511132955551147
-0.2246803343296051
-0.4625771343708038
0.2511132955551147
0.3304122388362885
-0.1982473433017731
0.0396494716405869
0.8987213373184204
-0.4229276776313782
0.5947420597076416
0.1850308626890182
-0.3832782208919525
-0.5022265911102295
0.5418760776519775
-0.1189484074711800
0.0264329798519611
-0.4361441731452942
0.6343915462493896
-0.0528659597039223
0.5550925731658936
0.2378968149423599
0.4097111821174622
0.1321648955345154
-0.3171957731246948
-0.6079585552215576
0.3436287343502045
0.2643297910690308
0.1057319194078445
0.8326388597488403
-0.0792989432811737
0.2907627820968628
-0.0264329798519611
0.1850308626890182
-0.5286595821380615
0.1585978865623474
0.6079585552215576
-0.4493606686592102
-0.5286595821380615
-0.0660824477672577
-0.2114638388156891
0.7269069552421570
-0.2511132955551147
-0.0925154313445091
0.2511132955551147
0.1718143671751022
0.2511132955551147
0.1057319194078445
-0.7797728776931763
0.0264329798519611
-0.0264329798519611
0.0792989432811737
-0.0925154313445091
0.2378968149423599
0.1718143671751022
-0.2511132955551147
0.2378968149423599
0.1057319194078445
0.6476079821586609
-0.0925154313445091
0.1453813910484314
0.4890101253986359
-0.0925154313445091
-0.1585978865623474
0.3964946866035461
0.2775462865829468
-0.1585978865623474
-0.1850308626890182
0.2643297910690308
0.4625771343708038
-0.1718143671751022
0.1585978865623474
0.8590718507766724
-0.5947420597076416
0.4361441731452942
0.0925154313445091
-0.0925154313445091
-0.3568452298641205
0.4757936298847198
0.0396494716405869
0.0528659597039223
-0.1189484074711800
0.3436287343502045
-0.0132164899259806
0.5154430866241455
0.0132164899259806
0.2114638388156891
0.2114638388156891
-0.1585978865623474
-0.5286595821380615
0.3171957731246948
-0.0132164899259806
-0.1057319194078445
0.7797728776931763
-0.0264329798519611
0.0925154313445091
-0.4097111821174622
-0.1718143671751022
-0.1585978865623474
-0.1057319194078445
0.3304122388362885
-0.3568452298641205
-0.2511132955551147
-0.0396494716405869
-0.3964946866035461
0.3304122388362885
-0.2114638388156891
-0.2643297910690308
0.2907627820968628
0.0660824477672577
0.1189484074711800
0.2643297910690308
-0.7401234507560730
0.1585978865623474
-0.1321648955345154
0.0132164899259806
-0.3304122388362885
0.0264329798519611
0.2907627820968628
-0.2378968149423599
-0.0792989432811737
0.2511132955551147
0.4097111821174622
-0.0132164899259806
0.0264329798519611
0.2511132955551147
0.0000000000000000
-0.1453813910484314
0.1850308626890182
0.1718143671751022
-0.0925154313445091
-0.2114638388156891
0.0396494716405869
0.3964946866035461
-0.0528659597039223
-0.0925154313445091
0.5550925731658936
-0.3832782208919525
0.4890101253986359
-0.0132164899259806
-0.0792989432811737
-0.3700617253780365
0.3700617253780365
0.2907627820968628
-0.2775462865829468
0.0132164899259806
0.2907627820968628
-0.0792989432811737
0.4493606686592102
-0.0132164899259806
0.4229276776313782
0.1321648955345154
-0.1189484074711800
-0.6740409731864929
0.0660824477672577
0.0792989432811737
-0.1718143671751022
0.7797728776931763
0.1057319194078445
-0.0264329798519611
-0.3964946866035461
-0.1850308626890182
-0.2378968149423599
0.0792989432811737
0.4493606686592102
-0.1718143671751022
-0.2907627820968628
-0.2775462865829468
-0.1718143671751022
0.4625771343708038
-0.0925154313445091
-0.0792989432811737
0.2114638388156891
0.0528659597039223
0.1850308626890182
0.4229276776313782
-0.7004739642143250
0.1189484074711800
0.0396494716405869
-0.0925154313445091
-0.2511132955551147
0.1718143671751022
0.1585978865623474
-0.2775462865829468
-0.2511132955551147
0.1982473433017731
0.3436287343502045
-0.0792989432811737
0.1585978865623474
0.1850308626890182
-0.0925154313445091
-0.1585978865623474
0.4757936298847198
0.3304122388362885
-0.0792989432811737
-0.2378968149423599
0.1321648955345154
0.2643297910690308
-0.0528659597039223
-0.1850308626890182
0.6211750507354736
-0.2775462865829468
0.5154430866241455
0.0132164899259806
0.0396494716405869
-0.2511132955551147
0.3039792776107788
0.3039792776107788
-0.0396494716405869
-0.1850308626890182
0.4229276776313782
-0.0132164899259806
0.5815255641937256
-0.4890101253986359
0.8590718507766724
0.5022265911102295
-1.6917107105255127
-1.6917107105255127
0.6211750507354736
-0.7929893732070923
-1.5066798925399780
0.4757936298847198
0.2511132955551147
-0.5022265911102295
-0.2378968149423599
-0.3964946866035461
-0.7401234507560730
1.1366181373596191
1.1101851463317871
-0.5286595821380615
-0.0264329798519611
-1.3084324598312378
0.3832782208919525
0.8194223642349243
-1.1101851463317871
0.6211750507354736
0.7269069552421570
-0.3436287343502045
0.6740409731864929
-0.0925154313445091
-0.9515872597694397
-0.0925154313445091
0.5947420597076416
-0.2114638388156891
0.1057319194078445
1.0573191642761230
-0.1453813910484314
-0.8590718507766724
-0.4229276776313782
0.5022265911102295
-0.1850308626890182
0.0792989432811737
1.1234016418457031
-0.0792989432811737
-0.1189484074711800
-0.7401234507560730
0.1982473433017731
1.1366181373596191
-0.0792989432811737
-0.4361441731452942
-0.2643297910690308
0.9515872597694397
-0.5286595821380615
0.1718143671751022
-0.0132164899259806
0.8987213373184204
1.1101851463317871
0.8590718507766724
0.7797728776931763
0.2511132955551147
0.6211750507354736
-0.5815255641937256
-0.6608244776725769
-1.0441026687622070
1.4670304059982300
-0.0132164899259806
1.0441026687622070
-0.7401234507560730
0.3700617253780365
0.3171957731246948
-1.3348654508590698
-0.9119378328323364
0.7533399462699890
-0.8062058687210083
-0.6476079821586609
0.4361441731452942
-0.1321648955345154
0.0132164899259806
-0.2378968149423599
0.1453813910484314
-0.4229276776313782
0.0660824477672577
0.4625771343708038
-0.1718143671751022
0.3171957731246948
-0.4097111821174622
0.0528659597039223
0.3832782208919525
-0.5815255641937256
0.2378968149423599
0.4229276776313782
0.0000000000000000
0.2378968149423599
-0.3039792776107788
-1.0837521553039551
-0.2114638388156891
0.5154430866241455
-0.2775462865829468
0.1585978865623474
0.3304122388362885
-0.0264329798519611
-0.5550925731658936
-0.2114638388156891
0.5550925731658936
0.1321648955345154
-0.0396494716405869
0.2643297910690308
-0.0660824477672577
0.1718143671751022
-0.5418760776519775
-0.1453813910484314
1.0044531822204590
0.0132164899259806
-0.0132164899259806
-0.1057319194078445
0.6476079821586609
-0.3436287343502045
0.4361441731452942
0.1718143671751022
0.5947420597076416
0.3700617253780365
0.2378968149423599
0.3436287343502045
0.2907627820968628
0.1718143671751022
-0.1850308626890182
-0.2643297910690308
-0.2378968149423599
0.8458553552627563
0.3700617253780365
1.2819994688034058
-0.0528659597039223
0.1718143671751022
-0.3171957731246948
-0.5286595821380615
0.0660824477672577
0.1982473433017731
-0.4361441731452942
-0.3039792776107788
0.9383707642555237
0.2246803343296051
0.3700617253780365
-0.4890101253986359
0.0264329798519611
0.0264329798519611
-1.1101851463317871
0.4757936298847198
0.0660824477672577
-0.4493606686592102
0.0396494716405869
-0.5683090686798096
-0.1453813910484314
-0.0925154313445091
-0.1057319194078445
-0.6211750507354736
0.3832782208919525
0.6343915462493896
0.4757936298847198
-1.0044531822204590
0.5815255641937256
-0.0528659597039223
0.1850308626890182
-0.1718143671751022
0.5286595821380615
-0.1189484074711800
-0.5286595821380615
0.5947420597076416
0.3832782208919525
0.2114638388156891
-0.0396494716405869
0.5550925731658936
0.1850308626890182
0.6872574687004089
0.2643297910690308
0.2246803343296051
0.5550925731658936
-0.5022265911102295
0.5947420597076416
0.1321648955345154
0.8987213373184204
-0.1982473433017731
0.0792989432811737
0.5154430866241455
0.1189484074711800
0.1189484074711800
-0.2246803343296051
0.4097111821174622
-0.0660824477672577
0.3568452298641205
0.5286595821380615
-0.0396494716405869
0.3171957731246948
-0.0528659597039223
-0.0792989432811737
1.6784942150115967
-0.9383707642555237
-0.1850308626890182
0.4097111821174622
-1.5066798925399780
-1.4934633970260620
1.2159171104431152
-1.6917107105255127
-0.8590718507766724
0.5947420597076416
-0.5418760776519775
-0.3832782208919525
-0.1453813910484314
-0.0528659597039223
-0.1585978865623474
-0.0528659597039223
0.7136904597282410
-0.5815255641937256
0.9912367463111877
-0.4890101253986359
-0.0396494716405869
-0.1850308626890182
-0.6608244776725769
0.6343915462493896
0.0925154313445091
-0.1718143671751022
-0.5947420597076416
-0.5550925731658936
-1.0441026687622070
-0.2643297910690308
1.1762676239013672
-0.1850308626890182
0.7269069552421570
0.5154430866241455
0.1057319194078445
-0.5815255641937256
-0.6872574687004089
-0.1718143671751022
-0.3436287343502045
-0.3964946866035461
1.1630511283874512
-0.3568452298641205
-0.5286595821380615
-0.7004739642143250
-0.9780202507972717
1.2687830924987793
0.1850308626890182
-0.1057319194078445
-0.6608244776725769
0.7004739642143250
-0.7533399462699890
0.7269069552421570
-0.7269069552421570
1.6784942150115967
0.5550925731658936
0.4625771343708038
1.0441026687622070
0.7929893732070923
0.0264329798519611
-0.4097111821174622
-0.5418760776519775
-0.1189484074711800
0.5286595821380615
-0.8194223642349243
1.5463293790817261
-1.1894841194152832
0.4493606686592102
1.2687830924987793
-1.6917107105255127
-1.6917107105255127
1.6784942150115967
-1.6917107105255127
-1.6917107105255127
0.1453813910484314
-0.3964946866035461
-0.9383707642555237
-0.5154430866241455
-0.5418760776519775
-0.3304122388362885
1.0573191642761230
1.0837521553039551
-0.5683090686798096
1.3084324598312378
-1.4538139104843140
0.5683090686798096
-0.1718143671751022
-1.0837521553039551
0.8590718507766724
0.7136904597282410
-0.5947420597076416
-0.2511132955551147
-0.7533399462699890
-1.6917107105255127
-0.4229276776313782
1.2291336059570312
-0.2775462865829468
0.5550925731658936
0.9515872597694397
0.1189484074711800
-0.7004739642143250
-1.2027006149291992
0.0792989432811737
-0.4361441731452942
-0.3964946866035461
1.3348654508590698
-0.6211750507354736
-0.1585978865623474
-1.2555665969848633
-0.4229276776313782
0.9648037552833557
0.6608244776725769
-0.6211750507354736
-0.9648037552833557
0.8326388597488403
-0.2511132955551147
0.6211750507354736
-0.8722883462905884
1.6784942150115967
1.0837521553039551
1.2952159643173218
1.4141644239425659
0.8194223642349243
0.1982473433017731
-0.7136904597282410
-1.0837521553039551
-0.3304122388362885
1.1498346328735352
-0.0925154313445091
0.3700617253780365
0.0264329798519611
0.4229276776313782
0.2246803343296051
-0.2775462865829468
-0.6608244776725769
0.2114638388156891
0.0528659597039223
-0.1585978865623474
0.7401234507560730
0.1321648955345154
0.1057319194078445
-0.1850308626890182
-0.0660824477672577
-0.2907627820968628
0.1982473433017731
0.4890101253986359
-0.1585978865623474
-0.2775462865829468
-0.3832782208919525
-0.0660824477672577
0.5154430866241455
-0.1057319194078445
-0.1189484074711800
0.1453813910484314
0.0925154313445091
0.1585978865623474
0.2378968149423599
-0.6740409731864929
0.0660824477672577
0.0000000000000000
-0.0792989432811737
-0.1850308626890182
0.3304122388362885
0.0528659597039223
-0.2378968149423599
-0.1057319194078445
0.1718143671751022
0.3304122388362885
-0.0925154313445091
0.2114638388156891
0.2246803343296051
-0.0264329798519611
-0.1057319194078445
0.4625771343708038
0.3304122388362885
-0.0396494716405869
-0.1189484074711800
0.1585978865623474
0.3039792776107788
-0.1057319194078445
-0.0792989432811737
0.5550925731658936
-0.2114638388156891
0.5022265911102295
0.1189484074711800
-0.0000000000000000
-0.1057319194078445
0.3964946866035461
0.1585978865623474
0.0264329798519611
-0.2907627820968628
0.5154430866241455
0.0396494716405869
0.4361441731452942
-0.2643297910690308
0.1585978865623474
0.1057319194078445
-0.3964946866035461
-0.5815255641937256
0.3304122388362885
-0.3171957731246948
-0.1057319194078445
0.6872574687004089
-0.1189484074711800
0.0660824477672577
-0.2775462865829468
0.0396494716405869
-0.1585978865623474
0.0792989432811737
0.3700617253780365
-0.1718143671751022
-0.1321648955345154
-0.1585978865623474
-0.3304122388362885
0.4097111821174622
-0.1850308626890182
0.0132164899259806
0.2775462865829468
0.0660824477672577
0.1585978865623474
0.1057319194078445
-0.6872574687004089
0.1982473433017731
0.0925154313445091
0.0132164899259806
-0.0660824477672577
0.1189484074711800
0.0792989432811737
-0.2775462865829468
-0.1453813910484314
0.2775462865829468
0.3039792776107788
-0.0660824477672577
0.0396494716405869
0.1585978865623474
-0.0660824477672577
-0.1321648955345154
0.2378968149423599
0.4493606686592102
-0.2114638388156891
-0.1982473433017731
0.0660824477672577
0.4097111821174622
-0.0660824477672577
-0.0264329798519611
0.4097111821174622
-0.0396494716405869
0.3171957731246948
-0.1189484074711800
-0.1321648955345154
-0.2378968149423599
0.0925154313445091
0.1585978865623474
-0.1453813910484314
-0.1718143671751022
0.5286595821380615
0.4890101253986359
-0.0528659597039223
-0.0528659597039223
0.4361441731452942
0.0660824477672577
-0.6608244776725769
-0.6608244776725769
0.2643297910690308
0.2775462865829468
-0.2907627820968628
0.6079585552215576
0.3964946866035461
0.4493606686592102
-0.1057319194078445
0.3700617253780365
-0.1321648955345154
0.2907627820968628
0.6343915462493896
0.1057319194078445
-0.6211750507354736
-0.0396494716405869
-0.3039792776107788
0.8326388597488403
-0.1189484074711800
-0.0660824477672577
0.2643297910690308
0.1585978865623474
0.2643297910690308
0.1850308626890182
-0.5683090686798096
-0.0660824477672577
-0.1850308626890182
0.1718143671751022
-0.1850308626890182
-0.0396494716405869
0.0528659597039223
-0.0000000000000000
0.2114638388156891
0.3304122388362885
0.3304122388362885
-0.0792989432811737
0.0660824477672577
0.5418760776519775
0.3171957731246948
-0.0132164899259806
0.2378968149423599
0.6343915462493896
-0.4757936298847198
0.0660824477672577
0.2775462865829468
0.1453813910484314
-0.1189484074711800
-0.0660824477672577
0.6343915462493896
-0.0925154313445091
0.1850308626890182
-0.0792989432811737
-0.2775462865829468
-0.1057319194078445
0.0792989432811737
0.2246803343296051
0.0132164899259806
-0.0396494716405869
0.7401234507560730
0.0660824477672577
-0.0660824477672577
-0.1982473433017731
0.5815255641937256
0.0132164899259806
-0.2907627820968628
-0.6740409731864929
0.0528659597039223
0.1982473433017731
-0.2378968149423599
0.5286595821380615
0.3964946866035461
0.0792989432811737
-0.3964946866035461
0.0925154313445091
-0.1057319194078445
0.4361441731452942
0.4229276776313782
0.0396494716405869
-0.4097111821174622
-0.2114638388156891
-0.5154430866241455
0.7665564417839050
-0.0925154313445091
-0.1057319194078445
0.3436287343502045
0.0792989432811737
0.1718143671751022
0.2246803343296051
-0.8062058687210083
-0.0528659597039223
-0.1585978865623474
-0.2114638388156891
-0.3964946866035461
0.0396494716405869
0.1189484074711800
-0.3039792776107788
-0.1453813910484314
0.5683090686798096
0.3700617253780365
-0.1321648955345154
0.1057319194078445
0.4493606686592102
-0.0396494716405869
-0.3039792776107788
0.5815255641937256
0.5418760776519775
-0.3171957731246948
-0.3964946866035461
0.4493606686592102
0.0528659597039223
-0.0528659597039223
-0.2511132955551147
0.8194223642349243
-0.2643297910690308
0.4890101253986359
-0.0792989432811737
-0.0528659597039223
-0.3039792776107788
0.0264329798519611
0.3832782208919525
-0.0792989432811737
-0.1850308626890182
0.9119378328323364
-0.1321648955345154
-0.1453813910484314
0.0792989432811737
0.8326388597488403
0.3700617253780365
-0.3700617253780365
-0.6476079821586609
-0.0660824477672577
0.1585978865623474
-0.2114638388156891
0.5154430866241455
0.4229276776313782
-0.2378968149423599
-0.3568452298641205
-0.0264329798519611
-0.3171957731246948
0.3304122388362885
0.8062058687210083
0.0396494716405869
-0.3568452298641205
-0.3171957731246948
-0.3304122388362885
0.7401234507560730
0.0264329798519611
0.1453813910484314
0.2378968149423599
-0.0396494716405869
0.3832782208919525
0.2907627820968628
-1.2555665969848633
-0.0660824477672577
-0.0528659597039223
-0.1189484074711800
-0.3171957731246948
0.2246803343296051
-0.1189484074711800
-0.2775462865829468
-0.1453813910484314
0.8458553552627563
0.5286595821380615
-0.0396494716405869
0.1585978865623474
0.4493606686592102
0.0528659597039223
-0.2775462865829468
0.6872574687004089
0.7533399462699890
-0.3436287343502045
-0.4493606686592102
0.5550925731658936
0.2775462865829468
-0.1718143671751022
-0.3436287343502045
0.7269069552421570
-0.5022265911102295
0.4493606686592102
0.0792989432811737
0.2907627820968628
-0.3171957731246948
0.2511132955551147
0.2511132955551147
0.0396494716405869
-0.4625771343708038
0.6476079821586609
0.0660824477672577
1.3877314329147339
-0.9119378328323364
0.5022265911102295
0.9119378328323364
-1.6917107105255127
-1.6917107105255127
1.0308861732482910
-0.9515872597694397
-1.6520612239837646
0.9383707642555237
0.4361441731452942
0.1850308626890182
0.5815255641937256
-0.1057319194078445
-0.5815255641937256
0.3171957731246948
1.0044531822204590
-0.3832782208919525
-0.0925154313445091
-0.9648037552833557
0.4757936298847198
0.1982473433017731
-1.4009479284286499
0.4097111821174622
0.4890101253986359
-0.0660824477672577
0.1850308626890182
-0.6608244776725769
-1.6124117374420166
0.0132164899259806
0.5683090686798096
-0.1321648955345154
0.0000000000000000
1.5463293790817261
-0.2378968149423599
-0.4890101253986359
0.3171957731246948
0.0264329798519611
-0.2775462865829468
-0.3700617253780365
1.5859787464141846
-0.0660824477672577
0.1057319194078445
-0.2114638388156891
-0.7401234507560730
0.8722883462905884
0.1982473433017731
0.2114638388156891
0.1321648955345154
1.3084324598312378
-0.4493606686592102
0.6608244776725769
-0.0000000000000000
1.1234016418457031
0.7269069552421570
0.1453813910484314
0.7797728776931763
0.6343915462493896
0.0925154313445091
-0.1982473433017731
-0.6211750507354736
-0.4097111821174622
0.5286595821380615
0.3171957731246948
0.2511132955551147
-0.3700617253780365
0.2643297910690308
0.1850308626890182
-1.0573191642761230
-1.0441026687622070
0.2775462865829468
-0.3832782208919525
-0.7004739642143250
0.5154430866241455
0.0925154313445091
0.0132164899259806
-0.2378968149423599
0.1718143671751022
-0.0264329798519611
0.4757936298847198
0.4625771343708038
-0.0264329798519611
-0.1189484074711800
-0.4493606686592102
-0.5550925731658936
0.6608244776725769
-0.3568452298641205
0.2378968149423599
0.6343915462493896
-0.1057319194078445
0.2114638388156891
0.0396494716405869
-0.6079585552215576
0.1321648955345154
0.1321648955345154
-0.0925154313445091
-0.1453813910484314
0.1057319194078445
0.0660824477672577
-0.3568452298641205
-0.1585978865623474
0.3436287343502045
0.1057319194078445
-0.0000000000000000
0.2114638388156891
0.1982473433017731
-0.0264329798519611
-0.3568452298641205
0.4229276776313782
0.6608244776725769
-0.3171957731246948
-0.1189484074711800
-0.0660824477672577
0.3964946866035461
-0.3171957731246948
0.0528659597039223
0.4757936298847198
0.3700617253780365
0.5418760776519775
0.2246803343296051
0.1057319194078445
-0.0925154313445091
-0.0396494716405869
0.1453813910484314
-0.2775462865829468
-0.3436287343502045
0.9648037552833557
0.0000000000000000
0.5947420597076416
-0.2643297910690308
0.3039792776107788
0.1189484074711800
-0.5947420597076416
-0.6872574687004089
0.3304122388362885
-0.1850308626890182
-0.3700617253780365
0.9119378328323364
0.0660824477672577
0.1982473433017731
-0.2378968149423599
-0.0925154313445091
-0.2114638388156891
-0.0264329798519611
0.4890101253986359
0.0792989432811737
-0.2775462865829468
-0.0925154313445091
-0.4493606686592102
0.4229276776313782
-0.0000000000000000
-0.0264329798519611
0.2114638388156891
0.0925154313445091
0.1189484074711800
0.1585978865623474
-0.9383707642555237
0.1982473433017731
-0.0132164899259806
0.0396494716405869
-0.2643297910690308
0.0660824477672577
0.0528659597039223
-0.2246803343296051
0.0264329798519611
0.3304122388362885
0.3568452298641205
-0.0000000000000000
-0.0132164899259806
0.3171957731246948
0.2775462865829468
-0.1189484074711800
0.1982473433017731
0.5286595821380615
-0.1982473433017731
0.1453813910484314
0.0264329798519611
0.4361441731452942
-0.0396494716405869
-0.0660824477672577
0.3964946866035461
-0.0264329798519611
0.4361441731452942
-0.0528659597039223
-0.0528659597039223
-0.1585978865623474
0.1718143671751022
0.1850308626890182
-0.0792989432811737
0.0925154313445091
0.2907627820968628
-0.0528659597039223
0.7269069552421570
-0.3171957731246948
-0.0660824477672577
0.1189484074711800
-0.3700617253780365
-0.7401234507560730
0.5286595821380615
-0.3171957731246948
-0.0528659597039223
0.6079585552215576
-0.3304122388362885
-0.0528659597039223
-0.2114638388156891
0.0396494716405869
-0.2246803343296051
0.1057319194078445
0.3832782208919525
-0.4890101253986359
0.0528659597039223
-0.0925154313445091
-0.3700617253780365
0.1982473433017731
-0.3304122388362885
-0.1189484074711800
0.2775462865829468
0.0660824477672577
-0.0000000000000000
0.0396494716405869
-0.5815255641937256
0.1453813910484314
0.1321648955345154
0.0264329798519611
0.0132164899259806
0.1982473433017731
0.1982473433017731
-0.4361441731452942
-0.1453813910484314
0.1718143671751022
0.3304122388362885
-0.1321648955345154
0.0396494716405869
0.1321648955345154
-0.3436287343502045
-0.0925154313445091
0.2643297910690308
0.3171957731246948
-0.1718143671751022
-0.0925154313445091
-0.0528659597039223
0.5022265911102295
-0.1718143671751022
0.0925154313445091
0.3568452298641205
-0.0132164899259806
0.5154430866241455
-0.0528659597039223
-0.1585978865623474
-0.1057319194078445
0.3039792776107788
0.0396494716405869
-0.2378968149423599
-0.2114638388156891
0.3039792776107788
-0.1850308626890182
0.8722883462905884
-0.2378968149423599
0.1585978865623474
0.2907627820968628
-0.6211750507354736
-0.7004739642143250
0.6476079821586609
-0.3568452298641205
-0.2511132955551147
0.7269069552421570
-0.3832782208919525
0.0264329798519611
-0.1057319194078445
-0.0660824477672577
-0.2378968149423599
0.3039792776107788
0.4229276776313782
-0.4493606686592102
0.0000000000000000
-0.0925154313445091
-0.3832782208919525
0.1321648955345154
-0.2511132955551147
0.0925154313445091
0.1189484074711800
0.0396494716405869
-0.0660824477672577
0.0925154313445091
-1.0308861732482910
0.2114638388156891
0.1850308626890182
0.0925154313445091
0.0264329798519611
-0.0132164899259806
0.0528659597039223
-0.2511132955551147
0.0000000000000000
0.0396494716405869
0.3832782208919525
-0.2643297910690308
0.2378968149423599
0.0396494716405869
-0.1057319194078445
-0.2378968149423599
0.2114638388156891
0.3304122388362885
-0.0792989432811737
-0.0660824477672577
-0.1718143671751022
0.4361441731452942
-0.1982473433017731
0.0132164899259806
0.2246803343296051
0.2907627820968628
0.4361441731452942
-0.0132164899259806
-0.1585978865623474
-0.0660824477672577
0.0660824477672577
0.0132164899259806
-0.2511132955551147
0.0792989432811737
0.1585978865623474
0.1057319194078445
0.3436287343502045
-0.1850308626890182
0.3964946866035461
-0.1718143671751022
0.1585978865623474
-0.5550925731658936
0.2511132955551147
-0.0660824477672577
0.0132164899259806
0.5550925731658936
-0.2246803343296051
0.0000000000000000
-0.3700617253780365
0.1718143671751022
-0.0132164899259806
0.1850308626890182
0.0925154313445091
-0.2775462865829468
-0.3568452298641205
0.0528659597039223
-0.4097111821174622
0.3700617253780365
-0.1982473433017731
-0.0000000000000000
0.3436287343502045
0.0396494716405869
0.0660824477672577
0.4097111821174622
-0.8326388597488403
0.1321648955345154
0.0660824477672577
-0.2378968149423599
-0.1453813910484314
-0.3039792776107788
-0.0264329798519611
-0.2246803343296051
-0.1850308626890182
0.1850308626890182
0.4757936298847198
-0.4757936298847198
0.0925154313445091
0.2775462865829468
-0.2511132955551147
-0.1453813910484314
0.5947420597076416
0.5022265911102295
-0.3436287343502045
-0.5550925731658936
0.2114638388156891
0.1057319194078445
-0.2114638388156891
-0.1850308626890182
0.7533399462699890
-0.1189484074711800
0.3832782208919525
-0.3568452298641205
-0.2643297910690308
-0.1321648955345154
0.0000000000000000
0.3171957731246948
-0.0528659597039223
-0.4625771343708038
0.5815255641937256
-0.0264329798519611
0.7136904597282410
-0.4493606686592102
-0.4229276776313782
-0.5418760776519775
0.2378968149423599
-0.5815255641937256
0.1982473433017731
-0.4361441731452942
0.4493606686592102
0.5154430866241455
-0.2378968149423599
-0.1982473433017731
-0.1718143671751022
-0.2643297910690308
0.1585978865623474
-0.1189484074711800
0.3171957731246948
-0.8590718507766724
-0.1189484074711800
-0.0000000000000000
-0.6079585552215576
0.2114638388156891
-0.5154430866241455
-0.3964946866035461
0.3304122388362885
-0.0264329798519611
0.0264329798519611
0.2114638388156891
-0.6476079821586609
0.3700617253780365
-0.1453813910484314
0.0396494716405869
-0.1718143671751022
0.0660824477672577
0.3700617253780365
-0.4757936298847198
-0.3436287343502045
0.3039792776107788
0.3568452298641205
-0.0660824477672577
-0.3568452298641205
-0.1453813910484314
-0.3171957731246948
0.0528659597039223
0.0396494716405869
0.5286595821380615
-0.2643297910690308
-0.3436287343502045
0.3832782208919525
0.1850308626890182
-0.0264329798519611
-0.0396494716405869
0.1850308626890182
-0.1585978865623474
0.3568452298641205
-0.3171957731246948
-0.4757936298847198
-0.5418760776519775
-0.1718143671751022
0.1982473433017731
-0.3436287343502045
0.0528659597039223
0.3304122388362885
-0.1189484074711800
1.6124117374420166
-1.2952159643173218
0.0792989432811737
1.0573191642761230
-1.6917107105255127
-1.6917107105255127
1.4670304059982300
-1.6917107105255127
-1.4538139104843140
0.8722883462905884
-0.8194223642349243
0.1585978865623474
0.2378968149423599
0.0792989432811737
-0.1982473433017731
0.3700617253780365
0.5550925731658936
-0.6740409731864929
0.6740409731864929
-0.4229276776313782
0.1189484074711800
-0.0925154313445091
-0.9383707642555237
0.8722883462905884
0.6211750507354736
-0.2114638388156891
-0.4625771343708038
-0.6343915462493896
-1.4141644239425659
-0.1189484074711800
1.3216489553451538
-0.1189484074711800
0.5683090686798096
0.7401234507560730
-0.1585978865623474
-0.7269069552421570
-0.1982473433017731
-0.2246803343296051
0.2114638388156891
-0.6343915462493896
0.9251542687416077
-0.2114638388156891
-0.3700617253780365
-1.0308861732482910
-0.5947420597076416
1.1101851463317871
0.1585978865623474
-0.3039792776107788
-0.7004739642143250
0.6872574687004089
-0.5022265911102295
0.7665564417839050
-0.2775462865829468
1.6784942150115967
0.5683090686798096
0.4361441731452942
0.4890101253986359
0.9251542687416077
-0.2511132955551147
-0.3964946866035461
-0.9119378328323364
-0.3171957731246948
1.0705356597900391
-0.0660824477672577
0.5418760776519775
-0.2246803343296051
0.1982473433017731
0.2511132955551147
-0.6476079821586609
-0.7797728776931763
0.5286595821380615
-0.2246803343296051
-0.2246803343296051
0.5815255641937256
-0.2378968149423599
0.0396494716405869
-0.0528659597039223
-0.0396494716405869
-0.3171957731246948
0.3700617253780365
0.4493606686592102
-0.4625771343708038
-0.1585978865623474
-0.1585978865623474
-0.2643297910690308
0.2775462865829468
-0.2775462865829468
0.0264329798519611
0.3171957731246948
-0.0000000000000000
0.0000000000000000
0.0000000000000000
-0.7401234507560730
0.1982473433017731
0.1321648955345154
0.0528659597039223
0.0396494716405869
0.0396494716405869
0.2114638388156891
-0.3039792776107788
0.0396494716405869
0.1189484074711800
0.2775462865829468
-0.1850308626890182
0.0792989432811737
0.1718143671751022
-0.1585978865623474
-0.1718143671751022
0.1189484074711800
0.3568452298641205
-0.1585978865623474
-0.0792989432811737
-0.0264329798519611
0.3304122388362885
-0.1718143671751022
0.0660824477672577
0.3568452298641205
0.1850308626890182
0.3304122388362885
0.0396494716405869
-0.2114638388156891
-0.0792989432811737
0.1189484074711800
-0.0528659597039223
-0.2378968149423599
-0.0264329798519611
0.3304122388362885
-0.1453813910484314
0.9119378328323364
-0.3039792776107788
0.0396494716405869
0.1718143671751022
-0.4361441731452942
-0.5947420597076416
0.5815255641937256
-0.4229276776313782
-0.1321648955345154
0.7136904597282410
-0.3039792776107788
0.0132164899259806
-0.3039792776107788
-0.0528659597039223
-0.2511132955551147
-0.0000000000000000
0.3964946866035461
-0.4890101253986359
0.0132164899259806
-0.0396494716405869
-0.3304122388362885
0.1453813910484314
-0.3700617253780365
-0.0792989432811737
0.1982473433017731
0.0132164899259806
0.1453813910484314
0.0792989432811737
-0.7665564417839050
0.2114638388156891
0.0925154313445091
-0.0000000000000000
-0.0528659597039223
-0.0000000000000000
0.1718143671751022
-0.3171957731246948
-0.0528659597039223
0.0925154313445091
0.3964946866035461
-0.1718143671751022
0.0792989432811737
0.1189484074711800
-0.1057319194078445
-0.1850308626890182
0.1585978865623474
0.3568452298641205
-0.1585978865623474
-0.1189484074711800
-0.0528659597039223
0.4229276776313782
-0.2246803343296051
0.0660824477672577
0.2907627820968628
0.0132164899259806
0.4625771343708038
-0.1189484074711800
-0.2511132955551147
-0.1585978865623474
0.2114638388156891
0.0925154313445091
-0.3436287343502045
-0.0264329798519611
0.2246803343296051
-0.1057319194078445
0.5550925731658936
-0.0925154313445091
0.3304122388362885
0.1585978865623474
-0.1982473433017731
-0.7797728776931763
0.1982473433017731
-0.1321648955345154
-0.1057319194078445
0.6740409731864929
-0.0792989432811737
-0.1453813910484314
-0.2907627820968628
-0.0660824477672577
-0.3039792776107788
0.1189484074711800
0.4890101253986359
-0.4493606686592102
-0.1850308626890182
-0.1850308626890182
-0.1850308626890182
0.3039792776107788
-0.2907627820968628
-0.0528659597039223
0.3171957731246948
0.1585978865623474
0.0925154313445091
0.1850308626890182
-0.7533399462699890
0.0792989432811737
0.0792989432811737
-0.0264329798519611
-0.1453813910484314
0.1982473433017731
0.1585978865623474
-0.3436287343502045
-0.3171957731246948
0.2511132955551147
0.2511132955551147
-0.1189484074711800
0.1057319194078445
0.2907627820968628
-0.1982473433017731
-0.1189484074711800
0.3568452298641205
0.3568452298641205
-0.0528659597039223
-0.2907627820968628
0.1321648955345154
0.1718143671751022
-0.1057319194078445
-0.0132164899259806
0.6079585552215576
-0.1585978865623474
0.4890101253986359
0.0660824477672577
-0.0264329798519611
-0.1321648955345154
0.4097111821174622
0.0528659597039223
-0.1718143671751022
-0.3304122388362885
0.5418760776519775
0.0528659597039223
0.5286595821380615
0.3171957731246948
0.2775462865829468
0.3171957731246948
-0.3700617253780365
-0.3700617253780365
0.2114638388156891
0.2511132955551147
-0.0660824477672577
0.9119378328323364
-0.0660824477672577
0.1585978865623474
-0.5683090686798096
0.1057319194078445
-0.3171957731246948
0.0528659597039223
0.7401234507560730
-0.4097111821174622
-0.4890101253986359
-0.0396494716405869
-0.3304122388362885
0.4625771343708038
0.0925154313445091
-0.2378968149423599
0.0792989432811737
0.3304122388362885
0.1057319194078445
0.7665564417839050
-0.8590718507766724
-0.1585978865623474
-0.3436287343502045
0.3304122388362885
-0.0792989432811737
-0.2114638388156891
0.1453813910484314
-0.0132164899259806
0.1321648955345154
0.1453813910484314
0.5286595821380615
-0.2775462865829468
0.0792989432811737
0.5550925731658936
0.0660824477672577
0.0792989432811737
0.6211750507354736
0.1453813910484314
-0.3436287343502045
-0.0132164899259806
0.3436287343502045
0.2246803343296051
-0.1321648955345154
-0.1982473433017731
0.5815255641937256
-0.3171957731246948
0.5550925731658936
-0.0660824477672577
-0.6608244776725769
-0.3171957731246948
0.6343915462493896
0.2114638388156891
0.2246803343296051
0.1453813910484314
0.2775462865829468
0.1057319194078445
0.7929893732070923
0.4229276776313782
0.1718143671751022
0.3832782208919525
-0.5286595821380615
-1.0705356597900391
0.3171957731246948
0.1718143671751022
-0.4361441731452942
1.0837521553039551
0.0528659597039223
0.2114638388156891
-0.2114638388156891
-0.3304122388362885
-0.4890101253986359
0.0264329798519611
0.9119378328323364
-0.6740409731864929
-0.4757936298847198
-0.2511132955551147
-0.2246803343296051
0.3436287343502045
0.0792989432811737
-0.6608244776725769
0.3436287343502045
-0.0396494716405869
0.6872574687004089
0.7004739642143250
-0.5550925731658936
0.1718143671751022
-0.4097111821174622
0.2907627820968628
-0.3964946866035461
0.3568452298641205
1.0441026687622070
-0.2775462865829468
0.5683090686798096
0.1057319194078445
0.2643297910690308
0.0528659597039223
-0.1321648955345154
0.3436287343502045
0.1321648955345154
-0.0528659597039223
0.3304122388362885
0.2511132955551147
-0.4097111821174622
0.2907627820968628
0.1057319194078445
0.6079585552215576
-0.0396494716405869
-0.4890101253986359
0.2511132955551147
-0.7401234507560730
1.1101851463317871
0.0396494716405869
-0.3436287343502045
-0.1585978865623474
1.0308861732482910
0.3832782208919525
-0.3700617253780365
0.1718143671751022
-0.4229276776313782
0.1585978865623474
1.6784942150115967
-0.9515872597694397
0.1453813910484314
0.6872574687004089
-1.2952159643173218
-1.5595457553863525
0.7665564417839050
-1.1498346328735352
-0.8326388597488403
1.4538139104843140
-0.2511132955551147
0.3171957731246948
-0.5022265911102295
-0.3171957731246948
-0.4890101253986359
-0.1585978865623474
0.8987213373184204
-0.4493606686592102
-0.0264329798519611
-0.2511132955551147
-0.5418760776519775
0.4361441731452942
-1.0573191642761230
0.4361441731452942
0.6608244776725769
-0.1453813910484314
0.4097111821174622
0.2114638388156891
-1.2819994688034058
0.6740409731864929
0.7929893732070923
-0.1982473433017731
-0.3436287343502045
0.5947420597076416
-0.3039792776107788
-0.5683090686798096
0.0396494716405869
0.5815255641937256
0.2643297910690308
-0.3304122388362885
0.5683090686798096
0.5154430866241455
0.2511132955551147
-0.5683090686798096
-0.2246803343296051
0.7665564417839050
-0.3964946866035461
0.1321648955345154
-0.1453813910484314
0.7004739642143250
-0.7269069552421570
0.1850308626890182
0.5815255641937256
0.5286595821380615
0.8326388597488403
-0.3832782208919525
0.3568452298641205
0.1982473433017731
0.5815255641937256
0.4097111821174622
-0.8987213373184204
0.1453813910484314
0.8194223642349243
-0.0660824477672577
0.2907627820968628
0.2114638388156891
0.2907627820968628
0.2511132955551147
-0.5550925731658936
-0.6476079821586609
-0.0396494716405869
0.3304122388362885
0.1189484074711800
1.1101851463317871
0.1453813910484314
0.1453813910484314
-0.4625771343708038
-0.1850308626890182
-0.4361441731452942
0.3039792776107788
1.0044531822204590
-0.5286595821380615
-0.8062058687210083
-0.2775462865829468
-0.1585978865623474
0.5815255641937256
0.3304122388362885
-0.3832782208919525
0.2246803343296051
0.5286595821380615
0.1189484074711800
0.5154430866241455
-0.8062058687210083
-0.2378968149423599
-0.5683090686798096
0.3832782208919525
-0.1850308626890182
0.2378968149423599
0.3700617253780365
-0.3039792776107788
0.1189484074711800
0.4625771343708038
0.5947420597076416
-0.0925154313445091
0.0396494716405869
0.5550925731658936
0.0792989432811737
0.1718143671751022
0.5683090686798096
0.1982473433017731
-0.2775462865829468
-0.1850308626890182
0.5022265911102295
0.2246803343296051
0.1057319194078445
-0.1850308626890182
0.7004739642143250
-0.6211750507354736
0.6608244776725769
0.0925154313445091
-0.5418760776519775
-0.5022265911102295
0.7004739642143250
0.0528659597039223
0.1718143671751022
-0.0925154313445091
0.3964946866035461
-0.0528659597039223
0.5815255641937256
0.1321648955345154
0.3171957731246948
0.3568452298641205
-0.6343915462493896
-0.5418760776519775
0.3964946866035461
0.0925154313445091
-0.1057319194078445
0.8987213373184204
-0.1189484074711800
-0.0396494716405869
-0.5154430866241455
0.0132164899259806
-0.5022265911102295
0.1453813910484314
0.8062058687210083
-0.4757936298847198
-0.3568452298641205
-0.0925154313445091
-0.3171957731246948
0.4361441731452942
0.0528659597039223
-0.1189484074711800
0.1057319194078445
0.2775462865829468
0.0000000000000000
0.5550925731658936
-0.9515872597694397
-0.1585978865623474
-0.1718143671751022
0.1982473433017731
-0.0264329798519611
-0.0792989432811737
0.1718143671751022
-0.1057319194078445
0.0264329798519611
0.1982473433017731
0.4757936298847198
-0.2511132955551147
0.1321648955345154
0.5683090686798096
-0.0000000000000000
-0.0528659597039223
0.5550925731658936
0.2246803343296051
-0.2643297910690308
-0.0000000000000000
0.2246803343296051
0.2643297910690308
-0.1982473433017731
-0.0925154313445091
0.5154430866241455
-0.2511132955551147
0.6343915462493896
-0.0132164899259806
-0.5022265911102295
-0.2378968149423599
0.6211750507354736
0.0792989432811737
0.0925154313445091
0.0132164899259806
0.3304122388362885
-0.0660824477672577
0.7269069552421570
-0.0396494716405869
0.2114638388156891
0.0660824477672577
-0.1057319194078445
-0.7797728776931763
0.2643297910690308
-0.0925154313445091
-0.0528659597039223
0.7269069552421570
-0.1718143671751022
-0.2378968149423599
-0.2246803343296051
-0.0264329798519611
-0.3171957731246948
0.0528659597039223
0.4361441731452942
-0.4757936298847198
-0.0792989432811737
-0.1982473433017731
-0.2511132955551147
0.2378968149423599
-0.3039792776107788
-0.1057319194078445
0.1850308626890182
0.0660824477672577
0.0925154313445091
0.2246803343296051
-0.6343915462493896
0.1057319194078445
0.0528659597039223
0.0132164899259806
-0.1057319194078445
0.2643297910690308
0.1982473433017731
-0.4229276776313782
-0.2511132955551147
0.0132164899259806
0.2246803343296051
-0.1453813910484314
0.2114638388156891
0.2907627820968628
-0.3039792776107788
-0.0660824477672577
0.5154430866241455
0.2378968149423599
-0.0925154313445091
-0.2114638388156891
0.0925154313445091
0.2907627820968628
-0.1850308626890182
-0.0396494716405869
0.5947420597076416
-0.2378968149423599
0.6079585552215576
-0.0132164899259806
0.0264329798519611
-0.1057319194078445
0.5947420597076416
0.1057319194078445
-0.1189484074711800
-0.3304122388362885
0.3304122388362885
0.1057319194078445
0.5286595821380615
-0.1585978865623474
0.3171957731246948
0.0528659597039223
-0.1453813910484314
-0.7269069552421570
0.2511132955551147
-0.1982473433017731
-0.0792989432811737
0.7533399462699890
-0.1189484074711800
-0.1189484074711800
-0.3171957731246948
0.0660824477672577
-0.2378968149423599
0.0396494716405869
0.3039792776107788
-0.3832782208919525
-0.2643297910690308
-0.1453813910484314
-0.3039792776107788
0.3568452298641205
-0.3171957731246948
-0.0528659597039223
0.3436287343502045
0.1189484074711800
0.0925154313445091
0.1850308626890182
-0.6476079821586609
0.1982473433017731
0.0396494716405869
-0.0925154313445091
-0.0660824477672577
0.1321648955345154
0.0792989432811737
-0.3568452298641205
-0.3039792776107788
0.1189484074711800
0.2511132955551147
-0.0660824477672577
0.1453813910484314
0.3039792776107788
-0.2246803343296051
-0.0264329798519611
0.3964946866035461
0.3436287343502045
-0.1585978865623474
-0.2775462865829468
0.1718143671751022
0.1982473433017731
-0.1585978865623474
-0.0528659597039223
0.7004739642143250
-0.2511132955551147
0.5286595821380615
-0.0925154313445091
-0.0264329798519611
-0.1321648955345154
0.2775462865829468
0.2246803343296051
-0.1189484074711800
-0.2907627820968628
0.5815255641937256
-0.0925154313445091
0.7136904597282410
-0.1321648955345154
0.4890101253986359
0.0264329798519611
0.0660824477672577
-0.5947420597076416
0.2246803343296051
-0.0792989432811737
-0.1585978865623474
0.6476079821586609
-0.1321648955345154
-0.1057319194078445
-0.4493606686592102
-0.1453813910484314
-0.2114638388156891
-0.1057319194078445
0.3304122388362885
-0.2907627820968628
-0.1718143671751022
-0.0264329798519611
-0.2246803343296051
0.1982473433017731
-0.3568452298641205
0.0396494716405869
0.4097111821174622
-0.0792989432811737
0.2775462865829468
0.3436287343502045
-0.8590718507766724
0.2907627820968628
0.0000000000000000
-0.2643297910690308
-0.2378968149423599
-0.0264329798519611
0.1850308626890182
-0.3436287343502045
-0.3832782208919525
0.2114638388156891
0.2246803343296051
-0.1850308626890182
0.0132164899259806
0.1718143671751022
-0.0925154313445091
-0.2378968149423599
0.1718143671751022
0.4890101253986359
-0.1057319194078445
-0.3568452298641205
0.0132164899259806
0.3039792776107788
-0.1321648955345154
-0.1189484074711800
0.5683090686798096
-0.2775462865829468
0.6211750507354736
-0.1321648955345154
0.0925154313445091
-0.1718143671751022
0.1982473433017731
0.2775462865829468
-0.2246803343296051
-0.1982473433017731
0.2378968149423599
-0.5947420597076416
1.6784942150115967
-0.4229276776313782
0.3039792776107788
0.8590718507766724
-1.6124117374420166
-1.6917107105255127
1.4934633970260620
-1.1762676239013672
-1.0969686508178711
0.9648037552833557
-0.4229276776313782
-0.8590718507766724
0.1585978865623474
-0.5418760776519775
-0.2775462865829468
0.2775462865829468
0.6872574687004089
-0.7004739642143250
0.7269069552421570
-1.0441026687622070
0.1453813910484314
-0.4229276776313782
-0.9912367463111877
0.3700617253780365
0.2511132955551147
-0.2511132955551147
-0.5683090686798096
-0.5154430866241455
-1.6784942150115967
-0.2114638388156891
0.9648037552833557
-0.3171957731246948
0.4890101253986359
1.1234016418457031
-0.0264329798519611
-0.5947420597076416
-0.4625771343708038
-0.4493606686592102
-0.4757936298847198
-0.1982473433017731
1.3612984418869019
-0.2775462865829468
-0.5947420597076416
-0.7269069552421570
0.0132164899259806
0.4625771343708038
0.3964946866035461
0.1982473433017731
-0.7533399462699890
1.3084324598312378
-0.5154430866241455
0.4097111821174622
0.0132164899259806
1.4405974149703979
0.8326388597488403
0.9515872597694397
1.2555665969848633
0.9251542687416077
0.4493606686592102
-0.2378968149423599
-0.7136904597282410
-0.1585978865623474
0.7004739642143250
0.1718143671751022
1.2819994688034058
-0.6740409731864929
-0.0000000000000000
0.2378968149423599
-1.4141644239425659
-0.6740409731864929
1.0176696777343750
-1.1366181373596191
-0.7665564417839050
0.6872574687004089
-0.2378968149423599
-0.1321648955345154
-0.1718143671751022
-0.2775462865829468
-0.0660824477672577
-0.4625771343708038
0.3832782208919525
0.1189484074711800
0.1718143671751022
0.0396494716405869
-0.2907627820968628
0.1057319194078445
-0.5022265911102295
0.1585978865623474
0.4229276776313782
0.1321648955345154
-0.0132164899259806
-0.3832782208919525
-1.2819994688034058
-0.0528659597039223
0.4361441731452942
-0.1189484074711800
0.3304122388362885
0.3700617253780365
-0.0792989432811737
-0.3039792776107788
0.0000000000000000
0.2907627820968628
0.1850308626890182
-0.1189484074711800
0.2114638388156891
0.0925154313445091
0.3964946866035461
-0.3171957731246948
-0.1850308626890182
0.7004739642143250
0.0528659597039223
0.3171957731246948
0.0396494716405869
0.8194223642349243
-0.3304122388362885
0.3700617253780365
-0.0925154313445091
0.7797728776931763
-0.0264329798519611
0.5947420597076416
0.3700617253780365
0.1850308626890182
-0.0660824477672577
0.0264329798519611
0.0925154313445091
-0.0792989432811737
0.6079585552215576
-0.0264329798519611
0.4229276776313782
-0.0000000000000000
0.4097111821174622
0.0660824477672577
-0.1850308626890182
-0.7929893732070923
0.2246803343296051
0.0528659597039223
-0.3568452298641205
0.6872574687004089
0.0792989432811737
-0.0792989432811737
-0.4097111821174622
-0.1982473433017731
-0.1453813910484314
-0.1057319194078445
0.6476079821586609
-0.3171957731246948
-0.4229276776313782
0.0132164899259806
-0.1850308626890182
0.1718143671751022
-0.2246803343296051
-0.0528659597039223
0.3039792776107788
0.2246803343296051
0.1321648955345154
0.3436287343502045
-0.9648037552833557
0.1982473433017731
-0.0792989432811737
-0.0660824477672577
-0.1982473433017731
0.1321648955345154
0.2114638388156891
-0.3964946866035461
-0.1982473433017731
0.1982473433017731
0.2378968149423599
-0.0660824477672577
0.0396494716405869
0.2907627820968628
-0.0792989432811737
-0.1057319194078445
0.1850308626890182
0.5418760776519775
-0.3304122388362885
-0.2378968149423599
0.1057319194078445
0.4229276776313782
-0.0528659597039223
-0.0925154313445091
0.5418760776519775
-0.3171957731246948
0.4229276776313782
0.1321648955345154
-0.0132164899259806
-0.1321648955345154
0.3304122388362885
0.2511132955551147
-0.2114638388156891
-0.3304122388362885
0.2378968149423599
-0.0925154313445091
0.6608244776725769
-0.2114638388156891
0.4890101253986359
-0.1057319194078445
0.1057319194078445
-0.6211750507354736
0.1850308626890182
-0.1057319194078445
-0.2114638388156891
0.7136904597282410
-0.1057319194078445
-0.0792989432811737
-0.4493606686592102
-0.1453813910484314
-0.1982473433017731
-0.0660824477672577
0.2907627820968628
-0.1982473433017731
-0.2246803343296051
0.0132164899259806
-0.2511132955551147
0.2114638388156891
-0.3700617253780365
0.0264329798519611
0.4229276776313782
-0.0264329798519611
0.3436287343502045
0.2775462865829468
-0.8987213373184204
0.2907627820968628
-0.0132164899259806
-0.2775462865829468
-0.3171957731246948
0.0660824477672577
0.1982473433017731
-0.4361441731452942
-0.4229276776313782
0.3039792776107788
0.2378968149423599
-0.2114638388156891
0.0792989432811737
0.1982473433017731
-0.0925154313445091
-0.2114638388156891
0.2114638388156891
0.6079585552215576
-0.1189484074711800
-0.4229276776313782
0.0925154313445091
0.3436287343502045
-0.0396494716405869
-0.1585978865623474
0.6740409731864929
-0.3832782208919525
0.6211750507354736
-0.2378968149423599
0.1189484074711800
-0.2114638388156891
0.2643297910690308
0.2907627820968628
-0.1585978865623474
-0.3304122388362885
0.2511132955551147
-0.0528659597039223
0.5418760776519775
-0.1718143671751022
0.3436287343502045
0.1850308626890182
-0.2775462865829468
-0.8590718507766724
0.2378968149423599
-0.2378968149423599
-0.3039792776107788
0.7797728776931763
-0.0132164899259806
-0.1718143671751022
-0.2907627820968628
-0.0660824477672577
-0.1850308626890182
0.0396494716405869
0.3832782208919525
-0.3171957731246948
-0.0792989432811737
-0.2907627820968628
-0.2114638388156891
0.2511132955551147
-0.2511132955551147
-0.0000000000000000
0.2907627820968628
-0.0925154313445091
0.0660824477672577
0.1321648955345154
-0.7004739642143250
0.0660824477672577
0.1982473433017731
-0.1453813910484314
-0.2114638388156891
0.2378968149423599
0.1982473433017731
-0.3964946866035461
-0.3700617253780365
0.1585978865623474
0.1850308626890182
-0.0925154313445091
0.2775462865829468
0.2511132955551147
-0.2643297910690308
-0.2511132955551147
0.2114638388156891
0.3039792776107788
-0.0396494716405869
-0.2643297910690308
-0.0132164899259806
0.3304122388362885
-0.0925154313445091
-0.0528659597039223
0.5418760776519775
-0.0528659597039223
0.5947420597076416
0.0132164899259806
0.2114638388156891
-0.0792989432811737
0.3304122388362885
0.1718143671751022
-0.2775462865829468
-0.1850308626890182
0.3700617253780365
