-1.0000000000000000
-1.0000000000000000
-1.0000000000000000
-1.0000000000000000
-1.0000000000000000
-1.0000000000000000
-1.0000000000000000
-1.0000000000000000
-1.0000000000000000
-1.0000000000000000
-1.0000000000000000
-1.0000000000000000
-1.0000000000000000
-1.0000000000000000
-1.0000000000000000
-1.0000000000000000
-1.0000000000000000
-1.0000000000000000
-1.0000000000000000
-1.0000000000000000
-1.0000000000000000
-1.0000000000000000
-1.0000000000000000
-1.0000000000000000
-1.0000000000000000
-1.0000000000000000
-1.0000000000000000
-1.0000000000000000
-1.0000000000000000
-1.0000000000000000
-1.0000000000000000
-1.0000000000000000
-1.0000000000000000
-1.0000000000000000
-1.0000000000000000
-1.0000000000000000
-1.0000000000000000
-1.0000000000000000
-1.0000000000000000
-1.0000000000000000
-1.0000000000000000
-1.0000000000000000
-1.0000000000000000
-1.0000000000000000
-1.0000000000000000
-1.0000000000000000
-1.0000000000000000
-1.0000000000000000
-1.0000000000000000
-1.0000000000000000
-1.0000000000000000
-1.0000000000000000
-1.0000000000000000
-1.0000000000000000
-1.0000000000000000
-1.0000000000000000
-1.0000000000000000
-1.0000000000000000
-1.0000000000000000
-1.0000000000000000
-1.0000000000000000
-1.0000000000000000
-1.0000000000000000
-1.0000000000000000
-1.0000000000000000
-1.0000000000000000
-1.0000000000000000
-1.0000000000000000
-1.0000000000000000
-1.0000000000000000
-1.0000000000000000
-1.0000000000000000
-1.0000000000000000
-1.0000000000000000
-1.0000000000000000
-1.0000000000000000
-1.0000000000000000
-1.0000000000000000
-1.0000000000000000
-1.0000000000000000
-1.0000000000000000
-1.0000000000000000
-1.0000000000000000
-1.0000000000000000
-1.0000000000000000
-1.0000000000000000
-1.0000000000000000
-1.0000000000000000
-1.0000000000000000
-1.0000000000000000
-1.0000000000000000
-1.0000000000000000
-1.0000000000000000
-1.0000000000000000
-1.0000000000000000
-1.0000000000000000
-1.0000000000000000
-1.0000000000000000
-1.0000000000000000
-1.0000000000000000
-1.0000000000000000
-1.0000000000000000
-1.0000000000000000
-1.0000000000000000
-1.0000000000000000
-1.0000000000000000
-1.0000000000000000
-1.0000000000000000
-1.0000000000000000
-1.0000000000000000
-1.0000000000000000
-1.0000000000000000
-1.0000000000000000
-1.0000000000000000
-1.0000000000000000
-1.0000000000000000
-1.0000000000000000
-1.0000000000000000
-1.0000000000000000
-1.0000000000000000
-1.0000000000000000
-1.0000000000000000
-1.0000000000000000
-1.0000000000000000
-1.0000000000000000
-1.0000000000000000
-1.0000000000000000
-1.0000000000000000
-1.0000000000000000
-1.0000000000000000
-1.0000000000000000
-1.0000000000000000
-1.0000000000000000
-1.0000000000000000
-1.0000000000000000
-1.0000000000000000
-1.0000000000000000
-1.0000000000000000
-1.0000000000000000
-1.0000000000000000
-1.0000000000000000
-1.0000000000000000
-1.0000000000000000
-1.0000000000000000
-1.0000000000000000
-1.0000000000000000
-1.0000000000000000
-1.0000000000000000
-1.0000000000000000
-1.0000000000000000
-1.0000000000000000
-1.0000000000000000
-1.0000000000000000
-1.0000000000000000
-1.0000000000000000
-1.0000000000000000
-1.0000000000000000
-1.0000000000000000
-1.0000000000000000
-1.0000000000000000
-1.0000000000000000
-1.0000000000000000
-1.0000000000000000
-1.0000000000000000
-1.0000000000000000
-1.0000000000000000
-1.0000000000000000
-1.0000000000000000
-1.0000000000000000
-1.0000000000000000
-1.0000000000000000
-1.0000000000000000
-1.0000000000000000
-1.0000000000000000
-1.0000000000000000
-1.0000000000000000
-1.0000000000000000
-1.0000000000000000
-1.0000000000000000
-1.0000000000000000
-1.0000000000000000
-1.0000000000000000
-1.0000000000000000
-1.0000000000000000
-1.0000000000000000
-1.0000000000000000
-1.0000000000000000
-1.0000000000000000
-1.0000000000000000
-1.0000000000000000
-1.0000000000000000
-1.0000000000000000
-1.0000000000000000
-1.0000000000000000
-1.0000000000000000
-1.0000000000000000
-1.0000000000000000
-1.0000000000000000
-1.0000000000000000
-1.0000000000000000
-1.0000000000000000
-1.0000000000000000
-0.3411764502525330
0.4509804248809814
0.2470588684082031
0.1843137741088867
-0.5294117927551270
-0.7176470756530762
-1.0000000000000000
-1.0000000000000000
-1.0000000000000000
-1.0000000000000000
-1.0000000000000000
-1.0000000000000000
-1.0000000000000000
-1.0000000000000000
-1.0000000000000000
-1.0000000000000000
-1.0000000000000000
-1.0000000000000000
-1.0000000000000000
-1.0000000000000000
-1.0000000000000000
-1.0000000000000000
-1.0000000000000000
-1.0000000000000000
-1.0000000000000000
-1.0000000000000000
-1.0000000000000000
-1.0000000000000000
0.7411764860153198
0.9921568632125854
0.9921568632125854
0.9921568632125854
0.9921568632125854
0.8901960849761963
0.5529412031173706
0.5529412031173706
0.5529412031173706
0.5529412031173706
0.5529412031173706
0.5529412031173706
0.5529412031173706
0.5529412031173706
0.3333333730697632
-0.5921568870544434
-1.0000000000000000
-1.0000000000000000
-1.0000000000000000
-1.0000000000000000
-1.0000000000000000
-1.0000000000000000
-1.0000000000000000
-1.0000000000000000
-1.0000000000000000
-1.0000000000000000
-1.0000000000000000
-1.0000000000000000
-0.4745097756385803
-0.1058823466300964
-0.4352940917015076
-0.1058823466300964
0.2784314155578613
0.7803921699523926
0.9921568632125854
0.7647058963775635
0.9921568632125854
0.9921568632125854
0.9921568632125854
0.9607843160629272
0.7960784435272217
0.9921568632125854
0.9921568632125854
0.0980392694473267
-1.0000000000000000
-1.0000000000000000
-1.0000000000000000
-1.0000000000000000
-1.0000000000000000
-1.0000000000000000
-1.0000000000000000
-1.0000000000000000
-1.0000000000000000
-1.0000000000000000
-1.0000000000000000
-1.0000000000000000
-1.0000000000000000
-1.0000000000000000
-1.0000000000000000
-1.0000000000000000
-1.0000000000000000
-0.8666666746139526
-0.4823529124259949
-0.8901960849761963
-0.4745097756385803
-0.4745097756385803
-0.4745097756385803
-0.5372549295425415
-0.8352941274642944
0.8509804010391235
0.9921568632125854
-0.1686274409294128
-1.0000000000000000
-1.0000000000000000
-1.0000000000000000
-1.0000000000000000
-1.0000000000000000
-1.0000000000000000
-1.0000000000000000
-1.0000000000000000
-1.0000000000000000
-1.0000000000000000
-1.0000000000000000
-1.0000000000000000
-1.0000000000000000
-1.0000000000000000
-1.0000000000000000
-1.0000000000000000
-1.0000000000000000
-1.0000000000000000
-1.0000000000000000
-1.0000000000000000
-1.0000000000000000
-1.0000000000000000
-1.0000000000000000
-1.0000000000000000
-0.3490195870399475
0.9843137264251709
0.6392157077789307
-0.8588235378265381
-1.0000000000000000
-1.0000000000000000
-1.0000000000000000
-1.0000000000000000
-1.0000000000000000
-1.0000000000000000
-1.0000000000000000
-1.0000000000000000
-1.0000000000000000
-1.0000000000000000
-1.0000000000000000
-1.0000000000000000
-1.0000000000000000
-1.0000000000000000
-1.0000000000000000
-1.0000000000000000
-1.0000000000000000
-1.0000000000000000
-1.0000000000000000
-1.0000000000000000
-1.0000000000000000
-1.0000000000000000
-1.0000000000000000
-0.8274509906768799
0.8274509906768799
1.0000000000000000
-0.3490195870399475
-1.0000000000000000
-1.0000000000000000
-1.0000000000000000
-1.0000000000000000
-1.0000000000000000
-1.0000000000000000
-1.0000000000000000
-1.0000000000000000
-1.0000000000000000
-1.0000000000000000
-1.0000000000000000
-1.0000000000000000
-1.0000000000000000
-1.0000000000000000
-1.0000000000000000
-1.0000000000000000
-1.0000000000000000
-1.0000000000000000
-1.0000000000000000
-1.0000000000000000
-1.0000000000000000
-1.0000000000000000
-1.0000000000000000
-1.0000000000000000
0.0117647647857666
0.9921568632125854
0.8666666746139526
-0.6549019813537598
-1.0000000000000000
-1.0000000000000000
-1.0000000000000000
-1.0000000000000000
-1.0000000000000000
-1.0000000000000000
-1.0000000000000000
-1.0000000000000000
-1.0000000000000000
-1.0000000000000000
-1.0000000000000000
-1.0000000000000000
-1.0000000000000000
-1.0000000000000000
-1.0000000000000000
-1.0000000000000000
-1.0000000000000000
-1.0000000000000000
-1.0000000000000000
-1.0000000000000000
-1.0000000000000000
-1.0000000000000000
-1.0000000000000000
-0.5372549295425415
0.9529411792755127
0.9921568632125854
-0.5137255191802979
-1.0000000000000000
-1.0000000000000000
-1.0000000000000000
-1.0000000000000000
-1.0000000000000000
-1.0000000000000000
-1.0000000000000000
-1.0000000000000000
-1.0000000000000000
-1.0000000000000000
-1.0000000000000000
-1.0000000000000000
-1.0000000000000000
-1.0000000000000000
-1.0000000000000000
-1.0000000000000000
-1.0000000000000000
-1.0000000000000000
-1.0000000000000000
-1.0000000000000000
-1.0000000000000000
-1.0000000000000000
-1.0000000000000000
-1.0000000000000000
0.0431373119354248
0.9921568632125854
0.4666666984558105
-0.9607843160629272
-1.0000000000000000
-1.0000000000000000
-1.0000000000000000
-1.0000000000000000
-1.0000000000000000
-1.0000000000000000
-1.0000000000000000
-1.0000000000000000
-1.0000000000000000
-1.0000000000000000
-1.0000000000000000
-1.0000000000000000
-1.0000000000000000
-1.0000000000000000
-1.0000000000000000
-1.0000000000000000
-1.0000000000000000
-1.0000000000000000
-1.0000000000000000
-1.0000000000000000
-1.0000000000000000
-1.0000000000000000
-1.0000000000000000
-0.9294117689132690
0.6078431606292725
0.9450980424880981
-0.5450980663299561
-1.0000000000000000
-1.0000000000000000
-1.0000000000000000
-1.0000000000000000
-1.0000000000000000
-1.0000000000000000
-1.0000000000000000
-1.0000000000000000
-1.0000000000000000
-1.0000000000000000
-1.0000000000000000
-1.0000000000000000
-1.0000000000000000
-1.0000000000000000
-1.0000000000000000
-1.0000000000000000
-1.0000000000000000
-1.0000000000000000
-1.0000000000000000
-1.0000000000000000
-1.0000000000000000
-1.0000000000000000
-1.0000000000000000
-1.0000000000000000
-0.0117647051811218
0.9921568632125854
0.4274510145187378
-1.0000000000000000
-1.0000000000000000
-1.0000000000000000
-1.0000000000000000
-1.0000000000000000
-1.0000000000000000
-1.0000000000000000
-1.0000000000000000
-1.0000000000000000
-1.0000000000000000
-1.0000000000000000
-1.0000000000000000
-1.0000000000000000
-1.0000000000000000
-1.0000000000000000
-1.0000000000000000
-1.0000000000000000
-1.0000000000000000
-1.0000000000000000
-1.0000000000000000
-1.0000000000000000
-1.0000000000000000
-1.0000000000000000
-1.0000000000000000
-0.4117646813392639
0.9686274528503418
0.8823529481887817
-0.5529412031173706
-1.0000000000000000
-1.0000000000000000
-1.0000000000000000
-1.0000000000000000
-1.0000000000000000
-1.0000000000000000
-1.0000000000000000
-1.0000000000000000
-1.0000000000000000
-1.0000000000000000
-1.0000000000000000
-1.0000000000000000
-1.0000000000000000
-1.0000000000000000
-1.0000000000000000
-1.0000000000000000
-1.0000000000000000
-1.0000000000000000
-1.0000000000000000
-1.0000000000000000
-1.0000000000000000
-1.0000000000000000
-1.0000000000000000
-0.8509804010391235
0.7333333492279053
0.9921568632125854
0.3019608259201050
-1.0000000000000000
-1.0000000000000000
-1.0000000000000000
-1.0000000000000000
-1.0000000000000000
-1.0000000000000000
-1.0000000000000000
-1.0000000000000000
-1.0000000000000000
-1.0000000000000000
-1.0000000000000000
-1.0000000000000000
-1.0000000000000000
-1.0000000000000000
-1.0000000000000000
-1.0000000000000000
-1.0000000000000000
-1.0000000000000000
-1.0000000000000000
-1.0000000000000000
-1.0000000000000000
-1.0000000000000000
-1.0000000000000000
-0.9764705896377563
0.5921568870544434
0.9921568632125854
0.7176470756530762
-0.7254902124404907
-1.0000000000000000
-1.0000000000000000
-1.0000000000000000
-1.0000000000000000
-1.0000000000000000
-1.0000000000000000
-1.0000000000000000
-1.0000000000000000
-1.0000000000000000
-1.0000000000000000
-1.0000000000000000
-1.0000000000000000
-1.0000000000000000
-1.0000000000000000
-1.0000000000000000
-1.0000000000000000
-1.0000000000000000
-1.0000000000000000
-1.0000000000000000
-1.0000000000000000
-1.0000000000000000
-1.0000000000000000
-1.0000000000000000
-0.7019608020782471
0.9921568632125854
0.9921568632125854
-0.3960784077644348
-1.0000000000000000
-1.0000000000000000
-1.0000000000000000
-1.0000000000000000
-1.0000000000000000
-1.0000000000000000
-1.0000000000000000
-1.0000000000000000
-1.0000000000000000
-1.0000000000000000
-1.0000000000000000
-1.0000000000000000
-1.0000000000000000
-1.0000000000000000
-1.0000000000000000
-1.0000000000000000
-1.0000000000000000
-1.0000000000000000
-1.0000000000000000
-1.0000000000000000
-1.0000000000000000
-1.0000000000000000
-1.0000000000000000
-0.7568627595901489
0.7568627595901489
0.9921568632125854
-0.0980392098426819
-0.9921568632125854
-1.0000000000000000
-1.0000000000000000
-1.0000000000000000
-1.0000000000000000
-1.0000000000000000
-1.0000000000000000
-1.0000000000000000
-1.0000000000000000
-1.0000000000000000
-1.0000000000000000
-1.0000000000000000
-1.0000000000000000
-1.0000000000000000
-1.0000000000000000
-1.0000000000000000
-1.0000000000000000
-1.0000000000000000
-1.0000000000000000
-1.0000000000000000
-1.0000000000000000
-1.0000000000000000
-1.0000000000000000
-1.0000000000000000
0.0431373119354248
0.9921568632125854
0.9921568632125854
-0.5921568870544434
-1.0000000000000000
-1.0000000000000000
-1.0000000000000000
-1.0000000000000000
-1.0000000000000000
-1.0000000000000000
-1.0000000000000000
-1.0000000000000000
-1.0000000000000000
-1.0000000000000000
-1.0000000000000000
-1.0000000000000000
-1.0000000000000000
-1.0000000000000000
-1.0000000000000000
-1.0000000000000000
-1.0000000000000000
-1.0000000000000000
-1.0000000000000000
-1.0000000000000000
-1.0000000000000000
-1.0000000000000000
-1.0000000000000000
-0.5215686559677124
0.8980392217636108
0.9921568632125854
0.9921568632125854
-0.5921568870544434
-1.0000000000000000
-1.0000000000000000
-1.0000000000000000
-1.0000000000000000
-1.0000000000000000
-1.0000000000000000
-1.0000000000000000
-1.0000000000000000
-1.0000000000000000
-1.0000000000000000
-1.0000000000000000
-1.0000000000000000
-1.0000000000000000
-1.0000000000000000
-1.0000000000000000
-1.0000000000000000
-1.0000000000000000
-1.0000000000000000
-1.0000000000000000
-1.0000000000000000
-1.0000000000000000
-1.0000000000000000
-1.0000000000000000
-0.0509803891181946
0.9921568632125854
0.9921568632125854
0.7176470756530762
-0.6862745285034180
-1.0000000000000000
-1.0000000000000000
-1.0000000000000000
-1.0000000000000000
-1.0000000000000000
-1.0000000000000000
-1.0000000000000000
-1.0000000000000000
-1.0000000000000000
-1.0000000000000000
-1.0000000000000000
-1.0000000000000000
-1.0000000000000000
-1.0000000000000000
-1.0000000000000000
-1.0000000000000000
-1.0000000000000000
-1.0000000000000000
-1.0000000000000000
-1.0000000000000000
-1.0000000000000000
-1.0000000000000000
-1.0000000000000000
-0.0509803891181946
0.9921568632125854
0.6235294342041016
-0.8588235378265381
-1.0000000000000000
-1.0000000000000000
-1.0000000000000000
-1.0000000000000000
-1.0000000000000000
-1.0000000000000000
-1.0000000000000000
-1.0000000000000000
-1.0000000000000000
-1.0000000000000000
-1.0000000000000000
-1.0000000000000000
-1.0000000000000000
-1.0000000000000000
-1.0000000000000000
-1.0000000000000000
-1.0000000000000000
-1.0000000000000000
-1.0000000000000000
-1.0000000000000000
-1.0000000000000000
-1.0000000000000000
-1.0000000000000000
-1.0000000000000000
-1.0000000000000000
-1.0000000000000000
-1.0000000000000000
-1.0000000000000000
-1.0000000000000000
-1.0000000000000000
-1.0000000000000000
-1.0000000000000000
-1.0000000000000000
-1.0000000000000000
-1.0000000000000000
-1.0000000000000000
-1.0000000000000000
-1.0000000000000000
-1.0000000000000000
-1.0000000000000000
-1.0000000000000000
-1.0000000000000000
