1.9761321544647217
1.5445430278778076
-0.8615526556968689
1.0014106035232544
0.7971550226211548
-1.2462074756622314
-1.1746374368667603
1.3791326284408569
-0.0952298492193222
-2.2104632854461670
1.3657181262969971
-0.8337821364402771
-0.5565505027770996
1.0201930999755859
1.0698473453521729
-2.3090562820434570
0.6423479318618774
2.8825142383575439
-2.3330729007720947
2.9958531856536865
-0.3909462094306946
-1.6945012807846069
-1.6526808738708496
0.1266782581806183
1.6164526939392090
1.9359918832778931
-0.2383905202150345
-2.6027200222015381
-0.7171033620834351
2.7351899147033691
1.0285410881042480
1.8073854446411133
0.9605116844177246
0.7566422820091248
0.5117000341415405
0.8372809290885925
1.9875813722610474
-4.0601224899291992
-1.4124767780303955
-0.7868863344192505
2.8350532054901123
2.3625288009643555
0.1054504141211510
-1.8789337873458862
-1.2119128704071045
-1.9561228752136230
-1.5255392789840698
-0.6097794771194458
-0.0950352102518082
-0.6547665596008301
-0.4622093439102173
-0.3816100358963013
0.6051745414733887
-0.5225536823272705
-3.3186528682708740
1.6570155620574951
-1.1690376996994019
-1.9659231901168823
-0.3135397434234619
-1.9600558280944824
-1.4373358488082886
1.2672736644744873
-1.7409236431121826
0.6312320232391357
0.2383808791637421
0.4015265703201294
-0.3686049580574036
0.6218182444572449
-0.2427619993686676
-0.5146129727363586
-0.1795245856046677
-0.0080477427691221
-0.8069662451744080
-0.8734679222106934
0.5344142913818359
-0.1892577856779099
0.1887523829936981
0.4270826876163483
-0.1651217788457870
-0.5832406282424927
-0.4537195563316345
0.4236326813697815
-1.0317239761352539
0.2108929008245468
-0.4416611790657043
-0.9144486188888550
-0.8871701359748840
0.7069207429885864
1.1442812681198120
-0.4550369679927826
-0.3590633273124695
-0.2850362360477448
-0.3854738473892212
-0.1410967856645584
-0.0524368099868298
0.3085283041000366
-0.8636894822120667
0.2349069118499756
0.0056708953343332
0.2571322917938232
0.0913193747401237
0.0114598842337728
-0.6103793978691101
-0.3167760670185089
-0.1605857014656067
0.4105803668498993
0.2996700108051300
-0.0000716783106327
-0.4019988477230072
0.3591173589229584
0.3812568485736847
-0.4540750086307526
-0.5020074844360352
0.3213721513748169
0.9027860760688782
-0.7369285225868225
-0.7151312232017517
0.1135764569044113
-0.1609947234392166
0.6265388131141663
-1.4045523405075073
0.4694298505783081
-0.0612504743039608
-0.4754068851470947
-0.2862477600574493
0.2481112331151962
0.2577414810657501
0.0714256465435028
0.0804034918546677
0.1417501270771027
-0.1837495118379593
0.5743692517280579
-0.5027412772178650
-0.2097819894552231
0.0194979384541512
-0.1745093911886215
-0.6775596141815186
-1.0478585958480835
0.5344142317771912
-0.4040991961956024
0.3484601080417633
-0.0581895336508751
-0.5551120042800903
-0.6982949972152710
-0.3075772523880005
0.3772386908531189
-1.1184805631637573
-0.0211870800703764
-0.1880866289138794
-0.9144485592842102
-0.9772303104400635
0.7069207429885864
1.0262384414672852
0.1010162159800529
-0.2383905202150345
-0.3365403115749359
-0.1643875390291214
0.3014088869094849
0.0826854929327965
0.8081472516059875
-0.7268743515014648
0.4436009824275970
0.6382072567939758
-0.1940943896770477
-0.1861823648214340
-0.2116405516862869
-1.0422780513763428
-0.2496174871921539
-0.7222679853439331
0.7550418376922607
0.0407105460762978
0.1211452260613441
-0.4598498940467834
0.6637542247772217
0.6746100783348083
-0.4021735191345215
-1.0898563861846924
0.9070553779602051
0.9360785484313965
-0.7876883745193481
-0.6601184606552124
-0.3490636348724365
-0.4136073887348175
0.6265388131141663
-1.1017477512359619
-0.1523623764514923
0.1910387873649597
-0.0512214004993439
-0.0560302138328552
0.0442786589264870
0.2577414214611053
0.0714256465435028
-0.1828921437263489
0.2976160049438477
0.0627242475748062
0.7641654610633850
-0.4377465248107910
0.2169813960790634
-0.1795245856046677
0.4358499646186829
-1.0657795667648315
-1.3385096788406372
0.4750353693962097
-0.1892577409744263
0.2419883012771606
-0.1121086627244949
-0.6201103925704956
-0.8133494853973389
0.1308497190475464
0.3772386908531189
-1.2919937372207642
-0.4273272156715393
-1.1009550094604492
-1.0816028118133545
-0.6620199084281921
0.4748237729072571
0.8295003175735474
-0.0101943891495466
-0.1780541092157364
0.0754923671483994
-0.4407454431056976
0.5779748558998108
0.8258575201034546
1.4951233863830566
-0.4532442390918732
0.2349068224430084
0.9544755220413208
-0.4519381821155548
-0.2324326336383820
-0.5462911725044250
-0.9188784956932068
-0.3167760968208313
-0.0357674024999142
0.7550418376922607
0.1701901853084564
0.0605367943644524
-0.9805089831352234
0.0544804595410824
0.4301490783691406
-0.2983705401420593
-0.5924457907676697
0.3864480853080750
1.0692487955093384
-0.8384479880332947
-0.7701439857482910
-0.0020835399627686
-0.8556795120239258
0.8434813022613525
-0.9335231184959412
-0.2041784077882767
0.1279664933681488
0.1078480929136276
-0.7466828823089600
-0.0576375536620617
-0.4444922506809235
0.3202285766601562
-0.0249147675931454
0.4015265405178070
0.0627242922782898
0.6218183040618896
-0.6327308416366577
-0.0268834326416254
-0.2292802333831787
0.1584139168262482
-0.6128563284873962
-0.8153376579284668
0.0593835078179836
0.5626873970031738
0.0290446057915688
0.1035678833723068
0.0298732817173004
-0.5832405686378479
-0.8190753459930420
0.6556025743484497
-0.9015890359878540
0.0948529019951820
-1.4052442312240601
-1.4159108400344849
-1.0222603082656860
-0.2214671671390533
0.8295003175735474
-0.4550369679927826
-0.3590635061264038
-0.2335321605205536
-0.7171033620834351
0.4673484861850739
0.2178076803684235
1.0579568147659302
-0.1340090334415436
0.0262127276510000
0.5116999745368958
0.0637494549155235
-0.3249331712722778
-0.6020662784576416
-0.9805782437324524
0.2876514494419098
0.2762783169746399
0.2383496165275574
1.0765486955642700
-0.4243308603763580
-1.3854658603668213
-0.2501564025878906
0.2345801889896393
-0.5578779578208923
-0.7733223438262939
-0.1992351561784744
1.0026637315750122
-1.2952861785888672
0.1650726646184921
0.2292365282773972
-0.0978415310382843
0.3553607463836670
-0.8662331700325012
0.2621657550334930
0.1910387873649597
0.3729639947414398
-0.5625088214874268
0.6048181056976318
-0.9306539893150330
0.5690312981605530
-0.2355512678623199
0.0378395542502403
0.0627242922782898
0.6692672967910767
-0.3727517127990723
0.1560151875019073
-0.2790358662605286
0.2139011025428772
-0.8069662451744080
-1.3966401815414429
0.4750354290008545
0.0792941004037857
0.0290446467697620
-0.4356234967708588
-0.2951184511184692
-0.5257133841514587
-0.3075772523880005
0.1452686190605164
-1.1618589162826538
-0.0211870800703764
-0.5430910587310791
-0.9701666831970215
-0.8871701359748840
0.2427268028259277
0.5934146046638489
-0.1214050799608231
-0.7210819721221924
-0.3365403115749359
-0.6065601706504822
0.3567220866680145
0.2178076803684235
0.8705997467041016
-0.4988493025302887
0.1827333867549896
1.2074900865554810
-0.1296334117650986
-0.4174338579177856
-0.6020662784576416
-0.9805782437324524
-0.0481416508555412
-0.2854039669036865
0.6402214765548706
0.6881094574928284
0.0605367943644524
-0.8648069500923157
0.1763352304697037
0.2345801889896393
-0.3502721190452576
-0.5924457907676697
0.6467517018318176
1.2357118129730225
-0.9907274842262268
-0.4950802922248840
-0.0020835846662521
-0.4136073887348175
0.6265388131141663
-1.1017477512359619
-0.1005464047193527
0.0018218616023660
0.3729639947414398
-0.1481171846389771
0.1971529722213745
0.0956875383853912
0.5068306326866150
-0.0249147675931454
0.3495712578296661
-0.3069865107536316
0.6692672371864319
-0.3077568113803864
-0.3926806151866913
0.1190092265605927
0.4913372099399567
-1.0010762214660645
-1.1641190052032471
0.4156565964221954
-0.2966784834861755
0.3484601080417633
0.2114061564207077
-0.4901137351989746
-0.9284038543701172
-0.4537195265293121
0.0988746583461761
-1.1618589162826538
0.1528729051351547
-0.5430909395217896
-0.7472944855690002
-1.0222603082656860
0.9390177130699158
1.0655860900878906
-0.1214050352573395
-0.3590633273124695
-0.3880443871021271
0.1119703501462936
0.3014088869094849
0.0826854929327965
0.7456949353218079
-0.9092944860458374
0.4957745075225830
0.7014608979225159
-0.1940943896770477
0.0913193747401237
-0.1558654755353928
-0.9188784956932068
-0.3167760968208313
-0.4102222621440887
0.8124521970748901
0.1054503098130226
-0.0606801062822342
-0.4598498940467834
0.5418995618820190
0.4790411889553070
-0.5059764385223389
-0.6376649141311646
1.0372072458267212
1.0692489147186279
-0.5338894128799438
-0.9901950359344482
-0.1177435740828514
-0.2873010337352753
0.8434813022613525
-1.1353926658630371
0.0030856858938932
0.1279664933681488
-0.1572677791118622
-0.2402042746543884
0.1461950391530991
0.4197954237461090
0.1336265355348587
0.6596539616584778
0.6093477606773376
-0.3686049878597260
0.3371240496635437
-0.4377464354038239
-0.6975115537643433
0.1190092265605927
0.4913372099399567
-0.6128563284873962
-0.6990772485733032
0.4750354290008545
-0.1355473399162292
0.5614037513732910
0.4270826876163483
-0.5551120042800903
-0.7558223009109497
-0.1614349037408829
0.0988745838403702
-1.1618589162826538
0.1528729051351547
-0.6952356696128845
-0.9144486188888550
-0.9772303104400635
0.7069207429885864
1.1442812681198120
0.2122269123792648
-0.5400726795196533
-0.2850362360477448
0.1672419160604477
0.0801560282707214
0.1502465754747391
0.6832426190376282
-0.9548994898796082
0.6001215577125549
0.1954318135976791
0.0637494549155235
-0.0936817750334740
-0.3789659440517426
-1.1656775474548340
-0.1153002604842186
-0.2229948341846466
0.7550418376922607
0.4938897192478180
-0.3031139373779297
-0.2862968444824219
-0.0673742145299911
0.4301489889621735
-1.0249913930892944
-0.7281031608581543
0.7118275761604309
0.7030305862426758
-0.5846491456031799
-0.9351821541786194
-0.2334036231040955
-0.1609946936368942
0.6807744503021240
-1.0344579219818115
0.3657977879047394
0.0648941993713379
-0.5284300446510315
-0.2862478196620941
0.0952367484569550
0.0416695401072502
0.3202285766601562
0.1330626159906387
0.5573924183845520
-0.4302234351634979
0.6692672967910767
-0.2427619993686676
-0.4536468386650085
-0.2292802333831787
-0.6738943457603455
-0.7422628998756409
-1.1059888601303101
0.4156565368175507
-0.2966784238815308
0.2419883012771606
0.2114061266183853
0.2248683273792267
-0.2956046164035797
-0.2345060557126999
0.2380566000938416
-0.6413192749023438
-0.0211870800703764
-0.4416611790657043
-0.4687042832374573
-0.7070499658584595
0.6488964557647705
1.2623242139816284
-0.8998795747756958
-0.6004091501235962
-0.2335321605205536
-0.4407454431056976
0.1907824575901031
-0.5253645777702332
0.3709807097911835
-0.9548996090888977
0.3392539322376251
0.0689245164394379
-0.2585553228855133
0.0913193747401237
-0.2116405516862869
-1.4124766588211060
-0.0481416285037994
-0.4102222323417664
0.2383496165275574
-0.0887693017721176
0.2423621565103531
-0.2284458428621292
-0.1283016651868820
0.7723945379257202
-0.6097794771194458
-0.5020074844360352
0.5816757678985596
1.0026637315750122
-0.9907274842262268
-1.0452077388763428
0.4605565667152405
-0.0346883870661259
0.8977169394493103
-1.0344579219818115
0.0549016892910004
0.1279664635658264
-0.2633141577243805
-0.0099866688251495
0.3500274419784546
-0.2284203469753265
0.3202285766601562
0.1857217401266098
1.3367217779159546
-0.9847894310951233
1.0488595962524414
-0.4377464354038239
-0.2097819894552231
-0.8263478279113770
-1.1177921295166016
0.8753197789192200
-0.3502958714962006
0.3562777042388916
-0.6189407110214233
0.2419882416725159
0.4810018539428711
0.5498603582382202
1.0850480794906616
-1.1113599538803101
1.2123305797576904
-0.0340230390429497
0.3849528431892395
0.3190624415874481
-0.0229599978774786
-0.0766294598579407
0.9390177130699158
2.0099289417266846
-2.5124335289001465
-0.6004091501235962
-1.4181262254714966
0.4988715052604675
-0.1410967856645584
-0.6604869365692139
-1.0654239654541016
0.3220412731170654
1.5914187431335449
-0.5636118054389954
-2.5146887302398682
-0.3711835145950317
-1.0482672452926636
-0.2401806712150574
1.3621891736984253
0.2138691842556000
-0.7376244664192200
-0.5419486165046692
0.1211452856659889
0.1186600923538208
-1.6514861583709717
0.4790412485599518
-1.2844990491867065
-0.5924457907676697
-1.3055255413055420
0.9360785484313965
-0.2293307185173035
-1.0452077388763428
0.5762165188789368
0.6599963903427124
1.2773662805557251
-1.3036174774169922
0.0549016520380974
-0.4396843314170837
-0.0512214452028275
-0.3783348500728607
0.7067342400550842
0.2037234157323837
1.4398409128189087
0.4490174055099487
1.8562748432159424
0.5556718707084656
1.7131460905075073
0.2771964967250824
-1.1242750883102417
0.7160768508911133
-0.8958432078361511
-0.8716695308685303
-0.2921656072139740
0.7125507593154907
0.2941355705261230
0.9872910976409912
-0.3277851641178131
0.8748522400856018
-1.9638932943344116
-0.0883637517690659
0.3772386312484741
-0.7714540958404541
-1.1235672235488892
-0.4923760294914246
-1.0816028118133545
0.0584606826305389
-0.4535641670227051
1.7738431692123413
-1.7895647287368774
0.4856465458869934
-0.0790198743343353
0.2777851521968842
0.1354692429304123
-0.1199979111552238
0.3085283637046814
-1.7757900953292847
1.1740306615829468
-1.3859093189239502
-0.3230162560939789
-0.1399320811033249
-0.2116405963897705
0.0066186450421810
-1.2569966316223145
0.9003698825836182
0.4679906368255615
1.1412886381149292
1.1514890193939209
-0.9226579070091248
-0.9812847971916199
1.4568854570388794
-1.9073169231414795
-0.7733223438262939
-0.5246146917343140
0.4033975005149841
-0.5846491456031799
-0.4950802922248840
1.4436668157577515
0.9126092195510864
-0.3497022986412048
-1.6400668621063232
0.4176138043403625
0.7586895823478699
-0.3693605065345764
-1.5754663944244385
0.7576924562454224
-1.6328876018524170
0.7556333541870117
0.7649721503257751
1.4925876855850220
-0.4918419122695923
0.2896750271320343
-0.9577048420906067
-1.7949033975601196
1.3131444454193115
-0.6184070706367493
0.1635834127664566
-1.3385097980499268
0.4156565964221954
-0.4578095376491547
0.8275833725929260
0.1574870198965073
1.0048489570617676
-1.9063662290573120
0.0577785745263100
0.4236325919628143
-0.5111842751502991
-0.4273271262645721
-1.2023848295211792
-0.9144486188888550
-0.3468096852302551
-0.9177581667900085
1.3803670406341553
-0.0101943891495466
-0.2987270951271057
0.2300046384334564
0.4988715052604675
-0.5282892584800720
0.0151242837309837
0.9330521225929260
-1.3653450012207031
-0.0781343951821327
-0.6901191473007202
1.4174294471740723
0.3225708007812500
0.3461104929447174
-0.3635802268981934
-1.3241553306579590
0.4635057449340820
2.0180671215057373
1.2060285806655884
0.3635790348052979
-1.2119128704071045
0.7246816754341125
0.9190710783004761
-1.0768930912017822
0.0858412981033325
0.7769035696983337
0.3701049089431763
-0.8384481668472290
-1.4853096008300781
-0.4647236466407776
-0.0978415310382843
1.2773662805557251
-1.2699725627899170
0.3139818012714386
0.0018218616023660
-1.0586619377136230
-0.7006394267082214
0.8086505532264709
-0.4444922506809235
-1.0481868982315063
0.9756086468696594
0.9730347990989685
-0.9847895503044128
-0.1373662948608398
-0.8277152180671692
-1.4900722503662109
1.1141219139099121
-0.5074327588081360
-0.0305265672504902
-0.3502958714962006
0.8906872868537903
0.0255837049335241
0.8808192610740662
0.5349209308624268
0.8098537325859070
-1.2735670804977417
-0.3075772523880005
0.3308446407318115
0.0527336038649082
0.0368329137563705
-0.5938059091567993
-0.8587304949760437
-0.5719599127769470
0.0686540529131889
1.3803670406341553
-0.7886688709259033
-0.6607455015182495
0.4360210001468658
0.6646862030029297
-0.9154817461967468
0.0151242837309837
-0.0037335716187954
-2.0038151741027832
0.9131628870964050
-0.8166265487670898
0.6438980102539062
0.1375696659088135
0.5692110061645508
-0.8571786880493164
-0.2496175467967987
0.0266417488455772
0.8124520778656006
1.0118088722229004
0.7878382802009583
-0.9805089831352234
0.4200447797775269
0.8701789379119873
-1.1806960105895996
0.1762797087430954
0.1912203282117844
0.7030305862426758
-0.9907274842262268
-1.3202713727951050
-0.4647236466407776
-0.0978415757417679
1.4400732517242432
-1.8419364690780640
0.8321419954299927
0.0018218616023660
-0.2633141875267029
0.2202309072017670
0.9105667471885681
0.3117594122886658
-0.2395779788494110
1.0809268951416016
0.6613031029701233
-1.1696448326110840
0.0524299219250679
-0.9577049016952515
-0.5755792856216431
-0.5278140902519226
-0.7293815016746521
-0.6775596737861633
-1.1641190052032471
0.6531719565391541
-0.0281266421079636
-0.1306630969047546
0.8584356904029846
0.6148586273193359
0.3371945619583130
-1.0382888317108154
1.3051184415817261
0.3130033612251282
0.6750530600547791
0.6233518123626709
-0.5244223475456238
-0.8871701359748840
1.2291388511657715
1.5771051645278931
-1.6227484941482544
-0.4193999171257019
-0.4395484626293182
0.0566987805068493
0.1907824575901031
-1.2009757757186890
-1.1278764009475708
-1.3653450012207031
1.3305512666702271
-0.8798801898956299
-0.4519381821155548
0.0450690612196922
-0.0443152487277985
-2.0911748409271240
0.4891272783279419
-0.6598588228225708
-0.4505733251571655
-0.0887693017721176
-0.1818969696760178
0.4079151153564453
-0.4329385757446289
0.0879035592079163
-0.6097794771194458
-0.4567883610725403
-0.5246146321296692
0.9693710803985596
-1.1430068016052246
-0.8251568078994751
0.1714064925909042
-0.3504543006420135
1.2773662805557251
-1.7410017251968384
0.7803259491920471
-0.5658289194107056
0.6911030411720276
1.0029706954956055
0.7576923370361328
0.7979212403297424
0.5690312981605530
0.3436991572380066
0.6093477606773376
-0.4302234351634979
0.7641654610633850
0.1472069025039673
-0.5755792260169983
-0.4283027648925781
-0.3409710228443146
-0.2893397808074951
-0.8153376579284668
0.2968988418579102
-0.1892577409744263
0.3484601080417633
0.2653252780437469
0.3548652529716492
-0.5257133841514587
-0.3075772523880005
0.6092085838317871
-0.4678060412406921
-0.2532671689987183
-0.6952356696128845
-0.4129861593246460
-0.8421401381492615
0.4748237729072571
1.2229764461517334
-0.6218529343605042
-0.1780541092157364
0.2300046384334564
-0.4960170090198517
0.1907824724912643
-0.5929257273674011
0.3709807097911835
-1.0005047321319580
0.4957745075225830
0.1954318732023239
-0.1296334117650986
-0.2324326336383820
-0.1558655202388763
-1.4124766588211060
-0.1824588477611542
-0.4102222323417664
0.4105804860591888
-0.4772087633609772
0.6666213274002075
-0.4019988775253296
-0.0673742145299911
0.4790412485599518
-0.7654839158058167
-0.7281032800674438
0.3864480257034302
0.9360785484313965
-0.6861686706542969
-1.2102459669113159
0.4027265310287476
-0.0978415310382843
0.7892456650733948
-1.1353926658630371
0.6248779296875000
-0.0612504296004772
-0.2102909684181213
-0.1020737215876579
0.3500274419784546
-0.1203843951225281
0.2580276727676392
0.0804034769535065
0.6093477606773376
-0.6150788068771362
0.4320221543312073
-0.5027412772178650
-0.4536468386650085
-0.2790358960628510
0.1584139168262482
-0.7422628998756409
-0.6409469246864319
0.4156565368175507
-0.0281266421079636
0.3484601080417633
0.1574870198965073
-0.1651217788457870
-0.3531317710876465
-1.2575023174285889
0.3772386908531189
-0.7714541554450989
0.5009930133819580
-0.3909462988376617
-0.1901140660047531
-1.2924405336380005
0.5908722281455994
1.3410192728042603
-0.3438262641429901
-0.1780541092157364
-0.2335321605205536
0.2225135862827301
-0.2517232000827789
-0.3226813077926636
0.5583378672599792
-0.8636894822120667
0.4957745075225830
0.1321781426668167
-0.1296334117650986
0.0913193747401237
-0.2116405516862869
-1.1039777994155884
-0.5182519555091858
-0.5350404977798462
0.6402214169502258
0.8823291063308716
-0.0606801062822342
-0.2284459024667740
0.0544805079698563
0.2834724187850952
-0.8173854351043701
-0.6376649141311646
0.8419795036315918
0.7696157693862915
-0.6354089379310608
-0.2750293910503387
0.1714064478874207
-0.0978415310382843
0.8977169394493103
-1.7410017251968384
0.5212458372116089
0.0648941993713379
0.3199407756328583
0.0360568352043629
-0.0066794455051422
0.0416695401072502
0.2580276727676392
1.3968816995620728
1.2847664356231689
-1.3545002937316895
-0.2322642505168915
-0.7627204656600952
-1.5510385036468506
0.6663212180137634
2.3779025077819824
-3.5892083644866943
-1.0478585958480835
2.2564008235931396
-0.3503888547420502
-0.6630222797393799
0.8584356904029846
-0.2951186597347260
-1.2160397768020630
-0.3075772523880005
2.0474224090576172
-1.5522636175155640
2.2996132373809814
-2.1152527332305908
-0.6358584165573120
-1.7877711057662964
1.7513570785522461
0.3573289513587952
3.2149140834808350
-0.2383907139301300
-3.5812976360321045
1.7148464918136597
2.0161182880401611
2.1095185279846191
2.3070044517517090
0.5044614672660828
1.0696835517883301
-0.3738509416580200
-0.9676258563995361
2.6813359260559082
-2.2195444107055664
-1.2890771627426147
-0.6525691151618958
-0.0357673764228821
1.9032467603683472
1.5297280550003052
-4.3638801574707031
0.4657661914825439
0.1763353347778320
-2.5522758960723877
1.2586743831634521
-2.4012115001678467
-0.8499943017959595
-0.1958687603473663
1.2427029609680176
-0.6051058173179626
-1.8526442050933838
-4.3922567367553711
1.3316019773483276
-2.1447410583496094
-2.8986115455627441
1.0109786987304688
-1.1647081375122070
0.4504484534263611
-0.3124280571937561
0.2577414810657501
-1.3591904640197754
0.9229495525360107
0.4015265405178070
-0.4302234351634979
-0.0424681454896927
-0.1777672171592712
0.5218123793601990
1.0643663406372070
2.0449790954589844
-0.0305265150964260
-2.5592443943023682
0.4750354290008545
-0.0281266421079636
-1.3550891876220703
0.5349209308624268
-2.1150727272033691
0.3371946513652802
-0.5998619794845581
2.3257865905761719
-0.9449673891067505
0.6170330643653870
0.4204922914505005
-1.9173732995986938
-1.9228609800338745
0.1847025156021118
0.2392860203981400
1.3243333101272583
-0.2987270951271057
-1.8301589488983154
-1.2145475149154663
1.0757937431335449
1.2312246561050415
1.7449328899383545
0.3220412731170654
0.4957745075225830
-1.3226554393768311
1.1595857143402100
1.8950805664062500
-1.8291187286376953
-0.5486798286437988
-1.1226794719696045
-0.9094954133033752
1.5013750791549683
2.0476472377777100
-1.2728490829467773
-0.2862968742847443
1.0902459621429443
0.1367957592010498
0.0130384340882301
-1.8133625984191895
2.0133459568023682
-0.4622093439102173
-0.0770513713359833
-0.4950802922248840
-1.3900039196014404
-0.9819858074188232
1.1688950061798096
-1.5391321182250977
-2.1731872558593750
0.7586895823478699
-1.0056387186050415
0.7727531790733337
0.5029017925262451
0.5818493962287903
-1.1725882291793823
-0.8148017525672913
-0.4297581017017365
-0.1837495565414429
-0.1373662054538727
-0.3727515935897827
1.0705083608627319
0.0194979384541512
0.4358500242233276
-1.4539994001388550
-2.2104632854461670
-0.1781318634748459
0.1330044567584991
-2.1003921031951904
1.8289799690246582
1.1998440027236938
1.4877386093139648
-1.1113599538803101
2.1402103900909424
0.1394901722669601
0.5009930133819580
1.6883647441864014
-2.5302717685699463
-0.9772303104400635
1.1711146831512451
0.7114574313163757
0.4902534782886505
-1.0831003189086914
0.6935414075851440
-1.3250908851623535
0.6332880258560181
0.7582964301109314
-1.9397573471069336
-1.3197399377822876
-0.3911756277084351
-2.1449527740478516
0.7728199362754822
1.4788280725479126
-1.7175685167312622
-1.6592758893966675
-0.6525691151618958
-0.7222680449485779
0.2957599163055420
1.5297280550003052
0.4847959578037262
0.0608092024922371
-0.1892290264368057
-0.2543419301509857
0.1168415695428848
-1.6324861049652100
0.5165998935699463
-0.2291613370180130
-2.0566828250885010
-0.6051058173179626
-0.4068937301635742
0.2179243117570877
1.3316019773483276
-1.0008130073547363
-0.9814187288284302
2.2093524932861328
-0.5814532041549683
0.7727531790733337
-0.1085956543684006
0.2577414810657501
-0.6749827861785889
0.9756087064743042
0.1937053799629211
-0.9847894310951233
0.8116142749786377
0.2122016847133636
0.2779475748538971
-0.5775697231292725
0.8242606520652771
0.3576933145523071
-2.6755049228668213
0.1781411916017532
-0.0818369984626770
-1.7277406454086304
0.3731635510921478
0.3548650443553925
-0.0079687088727951
0.1308497190475464
1.6298763751983643
-1.6823984384536743
2.1255531311035156
0.3697773814201355
-2.4745538234710693
-2.1480112075805664
0.4167995154857635
0.4360242187976837
2.2696232795715332
-0.3590633273124695
-1.8301589488983154
-1.4356338977813721
1.3523598909378052
3.2580578327178955
1.3702186346054077
1.5533770322799683
-0.1303079128265381
-1.5124164819717407
-1.3543915748596191
2.7275860309600830
-4.0043473243713379
-0.9805782437324524
-1.5927897691726685
2.3357801437377930
0.6976316571235657
0.8175892233848572
0.1817537099123001
-0.6334029436111450
-0.0673742145299911
-0.4499107599258423
0.0130384340882301
-1.4063901901245117
0.1912203282117844
-0.8950127959251404
-0.9907274842262268
0.6051745414733887
-1.1008538007736206
-0.5399137139320374
1.8739581108093262
-0.0923995673656464
-2.8467957973480225
1.1371234655380249
-1.8009861707687378
-1.0689876079559326
1.2163155078887939
-1.3627977371215820
0.7556333541870117
0.2910400032997131
1.9082300662994385
-1.4161187410354614
0.7167163491249084
-0.6327308416366577
-1.4291057586669922
0.5668098926544189
2.7108259201049805
-1.0010763406753540
-0.3502959012985229
1.6032333374023438
-1.4245960712432861
-0.5565504431724548
1.1819505691528320
1.0048489570617676
-2.8843283653259277
0.2039209753274918
3.4856362342834473
-3.0705039501190186
1.6033731698989868
-2.1152529716491699
-0.5801404118537903
-2.2831015586853027
0.1266782581806183
0.4753718078136444
3.5485460758209229
0.2443008273839951
-2.5512161254882812
0.8857727050781250
1.7948653697967529
2.4473242759704590
1.6824804544448853
0.0484111085534096
-0.4433491528034210
0.8279681205749512
1.0951248407363892
1.8950805664062500
-5.0640745162963867
-1.6592758893966675
-2.6673274040222168
2.4605984687805176
2.3051183223724365
-0.2182490527629852
-2.6668434143066406
-2.5424859523773193
-1.8951960802078247
-2.3078148365020752
-0.4021735191345215
-1.9490201473236084
1.4927387237548828
-0.4289168119430542
0.1259877681732178
1.4303656816482544
-0.1177435740828514
-3.7607250213623047
0.2468895465135574
-2.0438060760498047
-1.7586592435836792
0.8217618465423584
-1.9600560665130615
-1.7135968208312988
0.3500274419784546
-1.8489595651626587
-2.2922010421752930
0.0804034993052483
0.4534818530082703
-0.5534604191780090
0.4794711470603943
-0.6977256536483765
-0.3926806151866913
0.1687648296356201
-0.1190221682190895
-1.0010762214660645
-0.9897283911705017
0.8906872868537903
0.0255837049335241
0.4016960263252258
0.1574870198965073
0.0948716327548027
-0.2380773723125458
-1.0382888317108154
0.6556025147438049
-0.5545626878738403
0.4429728388786316
0.0147730084136128
-0.4687041938304901
-1.2023804187774658
0.9390177130699158
1.4197146892547607
-0.1214050799608231
0.1236279159784317
-0.7485730051994324
0.1119703501462936
0.2460956722497940
-0.1199979111552238
0.1211711615324020
-0.8636894822120667
0.1827333867549896
0.1321782022714615
0.0637494549155235
-0.0474314950406551
-0.1000903844833374
-1.2890771627426147
-0.4510932862758636
-0.2854039669036865
0.6402214169502258
1.2060285806655884
-0.4849392473697662
-0.0548928603529930
0.3591173589229584
-0.1076652854681015
-0.6097794771194458
-0.4567883610725403
0.3213722109794617
0.6364454627037048
-0.7876882553100586
-0.7151311635971069
-0.0599135830998421
-0.3504541814327240
0.6265388131141663
-1.8419364690780640
0.3139817416667938
0.3171834051609039
0.2138944566249847
0.1281438469886780
-0.5162606239318848
0.1497055143117905
-0.1773770898580551
0.6596539616584778
0.6613030433654785
0.0011058049276471
0.9065124392509460
-0.7627204656600952
-0.2707482278347015
0.0194979384541512
0.6577988266944885
-0.4834497272968292
-0.9897283911705017
0.1187623664736748
0.1330044716596603
0.1355164945125580
0.1574870198965073
0.2898668050765991
-0.6407678723335266
-0.5998619198799133
0.7483905553817749
-0.6413192749023438
-0.3693071305751801
-1.1009550094604492
-1.3601928949356079
-0.9772303104400635
0.1847025454044342
0.9081956148147583
-0.2326156795024872
-0.1780541092157364
-0.2335321605205536
-0.1091159284114838
-0.1410967558622360
-0.3226812481880188
0.8081472516059875
-0.4988493025302887
0.2870804071426392
0.0056708953343332
0.0637494027614594
0.1375696659088135
-0.2674157023429871
-1.2273774147033691
-0.3167760968208313
-0.0981765538454056
0.8124520778656006
0.3644099831581116
-0.3031139373779297
-0.4019988477230072
0.3591173589229584
0.4301490783691406
-0.6097794771194458
-0.9541989564895630
0.1261444091796875
0.9360785484313965
-0.2293307185173035
-0.8801695108413696
-0.0020835846662521
-0.5399136543273926
0.4095963835716248
-0.6980084776878357
0.1585337519645691
0.4433280229568481
0.2138944566249847
-0.5625088214874268
0.4009855389595032
-0.4985101819038391
-0.4883807301521301
-0.7621425986289978
0.6613031029701233
-0.2453680485486984
1.0488595962524414
-0.9577049016952515
0.8266434669494629
-0.2292802333831787
-0.1745093911886215
-2.0363292694091797
-1.7454212903976440
0.2968989014625549
-0.9949132204055786
0.4549319446086884
-0.3277852237224579
-0.0351250767707825
-0.6407678723335266
0.8615611791610718
0.9803605079650879
-0.4244276881217957
-0.7754471302032471
-0.7966654896736145
-1.0816028118133545
-0.5269298553466797
-0.2214672565460205
0.6327621936798096
-0.0657996907830238
-0.9020911455154419
-0.6970689296722412
1.0515873432159424
1.1864202022552490
1.0961023569107056
0.3709807097911835
-0.2252191007137299
0.4436009824275970
0.5116999745368958
-1.0320867300033569
0.3225708007812500
-0.2674157023429871
-1.1039777994155884
0.3548100590705872
-0.5350404977798462
0.7550418376922607
0.3644098937511444
-1.0304152965545654
0.4079151153564453
0.3591173589229584
-0.0098808566108346
-0.1945674866437912
-1.4516096115112305
0.9070553779602051
1.4354671239852905
-0.3308503329753876
-1.2652587890625000
0.8075367808341980
-1.2345985174179077
-0.0785242095589638
-1.1353926658630371
0.3139817416667938
-0.1873950511217117
0.1608712524175644
-0.2402042746543884
0.2481112331151962
0.2037234604358673
-0.8615849614143372
-0.7621425986289978
0.6093477606773376
0.0627242475748062
0.8116143941879272
-0.3727515935897827
0.2779476344585419
0.0692535564303398
-0.7848687171936035
-2.0363292694091797
-1.6291607618331909
0.2375200539827347
-0.9412028193473816
0.9872910976409912
-0.3817042708396912
-0.5551120042800903
-1.3886214494705200
0.8615611791610718
0.7483905553817749
-0.7714540958404541
-0.3693071305751801
-0.5938057899475098
-0.0786779299378395
-0.6620199084281921
-0.2214672565460205
0.3573289513587952
0.3234375119209290
0.3046373426914215
-0.6970689296722412
0.4988715052604675
1.2970466613769531
0.8934189081192017
0.6832426190376282
-0.4076392948627472
1.0175100564956665
1.0177291631698608
0.2571322917938232
-0.5099344253540039
0.2345602512359619
-1.8443752527236938
0.4891272783279419
-0.8470862507820129
1.0995033979415894
-0.6714283227920532
-0.9698067903518677
0.6393190026283264
0.7856090664863586
0.6257178783416748
-0.4021734297275543
-0.5020074844360352
-0.3293869495391846
1.5686374902725220
-0.2800905704498291
-1.0452077388763428
0.1714064478874207
-0.6662200689315796
-0.2954666912555695
-1.2363275289535522
0.8321419954299927
-0.6919734477996826
1.1152884960174561
-0.1481172442436218
0.6048181056976318
0.7439031600952148
-0.3639791607856750
-0.4461877644062042
-0.0660710185766220
-1.2312632799148560
0.4320221543312073
-1.4126685857772827
-1.1242750883102417
1.1141219139099121
-0.7848687171936035
-1.5834059715270996
-0.9315981864929199
-0.4750261008739471
-0.5115199089050293
1.1469988822937012
-0.4895426034927368
-0.4901136159896851
-1.8488390445709229
-0.3806484341621399
0.3772386312484741
-1.0317239761352539
0.0368329137563705
-0.4416611790657043
0.5342204570770264
-0.2117195576429367
1.3451874256134033
0.4360241293907166
-0.1214050799608231
0.1839644163846970
-0.3880443871021271
-0.2749306857585907
1.5736126899719238
0.6907355189323425
0.2460759282112122
-0.2252191007137299
0.2870804071426392
1.1442364454269409
-0.1940943896770477
-0.6486853361129761
1.0711869001388550
-2.1528747081756592
0.8920789361000061
0.2762783169746399
1.2717339992523193
-0.8656479120254517
0.3029705584049225
0.5814681053161621
1.2730278968811035
0.1856879889965057
-0.1945674866437912
-0.9994179606437683
-0.1992350965738297
1.3022969961166382
0.1259877383708954
-0.1099911183118820
-0.6960437297821045
-1.7398239374160767
0.4095964431762695
-1.7410017251968384
0.7803259491920471
-0.9442628622055054
1.0092421770095825
-0.1020737215876579
0.2990693449974060
1.3921191692352295
-0.5505812764167786
1.4495408535003662
0.8691242337226868
-1.7242110967636108
0.7641654610633850
0.5371758341789246
-0.8804102540016174
-2.7668175697326660
1.7675431966781616
-3.3303954601287842
-2.9080257415771484
0.9500661492347717
-0.2966784834861755
-0.9292019009590149
1.5593843460083008
-1.9850763082504272
-0.6982949376106262
2.4691269397735596
2.3721804618835449
-1.2486153841018677
2.9378337860107422
-0.4416611790657043
-1.8059372901916504
-0.4368697702884674
2.6797449588775635
1.2623242139816284
0.9907012581825256
1.8130478858947754
-3.1177608966827393
0.3883283436298370
3.1223826408386230
0.4880520999431610
-0.0037335716187954
0.8693016767501831
1.5914187431335449
1.4605045318603516
-1.2254697084426880
1.2013262510299683
-1.2155925035476685
0.2534177601337433
2.8396787643432617
-0.1605857312679291
2.0180671215057373
-0.6714280843734741
-3.4547531604766846
1.1021274328231812
-2.2607598304748535
-2.3567068576812744
0.2725460231304169
-0.9089797139167786
-2.3467404842376709
0.3701049089431763
0.6843453645706177
-1.7603734731674194
0.7497067451477051
-3.1291935443878174
0.6807744503021240
-0.5634287595748901
-2.1731872558593750
0.2541110813617706
-1.0056387186050415
-1.0229440927505493
0.5538598895072937
1.1220290660858154
0.3824292421340942
-0.4461877644062042
0.9730347990989685
-0.1221311241388321
0.7167163491249084
-1.4126685857772827
0.7047110199928284
-0.3785471320152283
0.4913372099399567
-1.7128127813339233
-1.6291607618331909
0.1781411916017532
-0.9949131011962891
0.2419883012771606
0.3731635212898254
-0.1001234352588654
-1.2735670804977417
0.9346324801445007
1.8154523372650146
-0.8148325085639954
-0.6594071984291077
-0.9995251893997192
-0.8587304949760437
-0.7520800232887268
-0.2214672565460205
0.8295003175735474
0.7126745581626892
-0.4797363281250000
-0.5425567030906677
1.0515873432159424
1.3523598909378052
1.5014688968658447
1.1204092502593994
0.2308312207460403
0.4957745075225830
0.9544755220413208
0.1926712691783905
0.8775743246078491
-0.9924920797348022
-1.4741765260696411
-0.2496174871921539
-0.6598588228225708
2.0180671215057373
0.1054504141211510
-0.7273730635643005
0.8707231879234314
0.7246816754341125
-0.4010185897350311
0.0130384340882301
-1.3611712455749512
1.3625867366790771
0.9360785484313965
-0.1278111040592194
-1.1552331447601318
0.4027265310287476
-2.4345085620880127
-0.1327598541975021
-1.1690378189086914
-0.9296027421951294
-0.7550458908081055
-0.0512214004993439
-0.3783348202705383
0.6048181056976318
-0.3904742598533630
-1.2347890138626099
-0.1302329897880554
0.7652136087417603
0.0627242922782898
1.2861046791076660
-0.4377465248107910
0.2169813960790634
-0.2790358662605286
-0.0635349601507187
-0.9363729357719421
-0.9897283911705017
-0.1187530308961868
0.0792941004037857
0.2419883310794830
-0.6512999534606934
-0.1651217788457870
-0.6407678723335266
0.0577785745263100
0.5628145337104797
-1.0317239761352539
-0.8334672451019287
-0.9995250701904297
-1.1930389404296875
-0.7070499658584595
-0.5115883946418762
0.5540669560432434
-0.4550369679927826
0.3649737536907196
0.5905333161354065
-0.4960170090198517
0.3014088869094849
0.3529298603534698
1.3077661991119385
-0.4532442390918732
0.0262127276510000
0.3219390809535980
-0.7097820639610291
-0.1861823648214340
-0.7693917751312256
-0.9805782437324524
-0.5182519555091858
0.2138691842556000
0.6976316571235657
0.3644098937511444
0.3029705584049225
-0.6334029436111450
0.1154078692197800
0.6746100783348083
-0.8173854351043701
-1.1802945137023926
0.1912203282117844
1.0359562635421753
-0.3308503329753876
-0.6051058173179626
0.6918766498565674
-1.1714452505111694
-0.0785242095589638
-0.7989433407783508
-0.4114425182342529
0.2541110813617706
0.3199407160282135
-0.3783348500728607
0.4519436359405518
-0.7686001062393188
-0.6127820014953613
0.9229496121406555
1.1289006471633911
0.1859611272811890
0.8116143941879272
-0.3727517127990723
-0.4536468386650085
0.0692536011338234
0.1584139168262482
-0.3540431261062622
-0.7572074532508850
0.2375200539827347
0.2941355705261230
0.0822805911302567
0.4270826876163483
0.1598699837923050
-0.8133493661880493
0.1308497190475464
0.7483905553817749
-0.5979409217834473
-0.0211870800703764
-0.5938057899475098
-1.2487568855285645
-0.8871701359748840
0.2427268028259277
1.3016718626022339
-0.3994316160678864
-0.5400726795196533
0.0239882990717888
0.1119704395532608
-0.5836024284362793
-0.0524368099868298
0.4334330558776855
-0.7724794149398804
0.6001216769218445
-0.6901192665100098
0.7728198766708374
0.4613217115402222
-0.6020662784576416
-0.6103793978691101
-0.0481416434049606
0.2138691842556000
0.6976316571235657
0.6233695149421692
0.2423621565103531
-0.8648069500923157
-0.2501564621925354
0.5768256187438965
-0.7135824561119080
-0.6376649141311646
0.0610685274004936
0.8362009525299072
-0.5338894128799438
-0.6051057577133179
0.2292365282773972
-0.3504541814327240
0.6265388131141663
-0.7652983665466309
0.0549016892910004
0.0648941546678543
-0.3163372874259949
-0.2402042746543884
1.0124830007553101
-0.5525282025337219
-0.3639791607856750
0.3963582813739777
0.9210795164108276
0.4940534532070160
1.0963085889816284
-0.2427619993686676
-0.2097819894552231
-0.0800133347511292
0.2693883478641510
-0.1599331945180893
-0.5246865749359131
0.2375200092792511
0.5626873970031738
-0.0774272009730339
0.6427592039108276
0.2898668050765991
-1.1009854078292847
-0.0883637517690659
1.5370885133743286
-0.2509145140647888
-0.1952470541000366
-1.4559593200683594
-1.2487568855285645
-0.7520800828933716
-0.7436853051185608
0.3573289513587952
-1.1779060363769531
-0.3590635061264038
0.0754923671483994
-0.3302022814750671
-0.4176627397537231
-0.1199979111552238
0.5583377480506897
-0.6812694072723389
0.7566421031951904
-0.1840900182723999
0.6438980102539062
-0.6486853361129761
-0.7693916559219360
-0.8571786880493164
0.0861755907535553
0.5259149670600891
-0.4505733251571655
0.8823291063308716
-0.4849392175674438
-1.5011677742004395
-0.6157206296920776
0.3323646187782288
-1.2844990491867065
-0.1854736208915710
-0.0690833106637001
1.2024191617965698
-0.7876883745193481
0.0000344999134541
0.4027265310287476
-0.9819859266281128
0.8434813022613525
-0.9335231184959412
0.6766938567161560
-0.5658290386199951
0.6911030411720276
-0.1020737513899803
1.3691898584365845
-0.6065461635589600
-0.8615849614143372
0.3436991572380066
0.5054371356964111
0.9870010614395142
0.4794712066650391
-0.4377465248107910
0.3998799920082092
0.3677873313426971
0.0474394708871841
-1.2598894834518433
-2.0360727310180664
-0.3562684357166290
-0.0281266421079636
0.5081678628921509
0.5888400673866272
-0.3601168990135193
-1.3886214494705200
-0.0152926212176681
0.3308446407318115
-1.0317239761352539
0.6750530600547791
-1.0502401590347290
-0.5801403522491455
-0.3017796874046326
0.2427267432212830
0.5147194266319275
-1.2891167402267456
-0.0573813021183014
-0.2335321605205536
-0.0538443587720394
0.4673485159873962
-0.1875591129064560
-0.2535431087017059
-0.9548996090888977
1.6435922384262085
0.7014608979225159
1.3529684543609619
-0.9261869788169861
-0.1000903695821762
-1.0422780513763428
1.0263961553573608
-0.2229948192834854
-0.2783425450325012
0.0407104343175888
-0.8485899567604065
-0.6334028840065002
0.3591173589229584
1.6524544954299927
-0.1945675760507584
0.5380327701568604
-0.3293869495391846
1.6352225542068481
-0.7876883745193481
0.0550470501184464
-0.0599135830998421
0.2179243117570877
0.4638320505619049
-0.7989434003829956
1.0394060611724854
-0.9442628622055054
1.3804044723510742
-0.4243783354759216
0.9615249633789062
0.2577414214611053
-0.1151764094829559
2.5553824901580811
1.8562746047973633
1.2950935363769531
1.5233498811721802
-0.3727517127990723
-0.0268833823502064
-0.9756146669387817
-0.1190222129225731
-0.1599331945180893
-1.5129005908966064
-2.1970124244689941
-1.2634651660919189
1.3067067861557007
-0.1121086776256561
1.6548323631286621
-0.5257133841514587
-0.0152926212176681
0.5164206027984619
-1.4655069112777710
1.6033731698989868
-1.6588188409805298
0.1441942602396011
-0.5269298553466797
0.7069207429885864
2.1279716491699219
-1.7339591979980469
1.6320385932922363
-0.5425567030906677
1.1068589687347412
0.4120352864265442
-0.1199979111552238
0.3085283041000366
-0.3620341420173645
1.9566338062286377
1.2074902057647705
-0.5808601379394531
-0.5099343657493591
-0.8809418082237244
1.7342128753662109
-0.0481416508555412
0.5259149670600891
1.3291443586349487
-1.3835670948028564
0.4241874814033508
-0.6334029436111450
-0.7375753521919250
1.9947000741958618
-0.1945674866437912
-0.3211309909820557
-0.8499943017959595
1.2357118129730225
0.6843453049659729
0.8802382946014404
-0.7538737654685974
1.9862129688262939
0.3553608357906342
0.6141442656517029
0.8321419954299927
-2.0795645713806152
0.1608713269233704
-2.5884239673614502
0.1971529722213745
-0.1744022965431213
0.5690312981605530
1.5548590421676636
2.0121405124664307
-0.3686049580574036
0.6218183040618896
-0.9577048420906067
0.6437448859214783
-1.1746374368667603
2.8772873878479004
0.2929900288581848
-0.6990772485733032
-0.9500569105148315
0.7775288224220276
-0.9292019009590149
1.7211415767669678
1.3948390483856201
-1.6762572526931763
-0.0883638113737106
3.4392423629760742
-3.0705039501190186
2.2996132373809814
-1.4559593200683594
-2.6974260807037354
-2.3731615543365479
-0.5115883946418762
1.0655862092971802
0.4346481263637543
-1.3244462013244629
-2.7572324275970459
-2.4305226802825928
1.1311070919036865
0.6907355189323425
0.4958854913711548
1.8270072937011719
2.2175009250640869
0.8279682397842407
2.3843436241149902
1.3863275051116943
-3.8927974700927734
-2.7081725597381592
-1.1898380517959595
2.0237345695495605
0.6402214169502258
1.8534274101257324
-2.2425844669342041
-2.3689329624176025
-1.1031398773193359
-0.0587730258703232
-0.1945675760507584
-0.0045968107879162
-0.3293869495391846
0.8029083609580994
-0.3308503329753876
1.8154549598693848
0.5183865427970886
-1.2977515459060669
0.9519525170326233
-0.5297838449478149
-1.8622909784317017
-0.3766120374202728
-0.5814532041549683
-3.2790768146514893
1.2672736644744873
-1.7949416637420654
0.0092249587178230
0.3963582813739777
1.1289006471633911
0.3091980814933777
1.0963085889816284
-0.1127724349498749
-0.0878496170043945
-0.0800133347511292
-0.0635349601507187
-0.6128562688827515
-0.2340354323387146
0.1781411916017532
0.4015562832355499
0.1355164349079132
0.4810017943382263
-0.0351250767707825
-0.6982949972152710
0.4231343567371368
1.1195424795150757
-0.3810493946075439
-0.4273272156715393
-1.6081039905548096
-1.3601928949356079
-0.7070499658584595
-0.2794914245605469
0.6721098423004150
-1.1223007440567017
-0.4797363281250000
-0.1820280551910400
-0.2196591049432755
-0.3070363700389862
0.2853688001632690
1.1204092502593994
-0.5900593400001526
0.7044687867164612
-0.3105973303318024
0.3860542774200439
-0.2786829471588135
-0.5462912321090698
-0.5486796498298645
0.4219686686992645
0.4635058045387268
-0.1061117723584175
0.6233695149421692
-0.6667644977569580
-1.1540619134902954
-0.5547932982444763
0.4790412485599518
-0.8173854351043701
-0.6828840374946594
-0.5246146917343140
1.1358339786529541
-0.6354089379310608
-0.3300420343875885
0.4027265310287476
-1.1082923412322998
0.9519525170326233
-0.9335231184959412
0.8321419358253479
-0.8181182146072388
0.2669176459312439
-0.1481172144412994
1.2672736644744873
-0.2824383676052094
-0.6127820611000061
1.1335859298706055
1.1808559894561768
-0.0605126321315765
0.9539614915847778
-0.6327308416366577
-0.6975116729736328
0.1190092265605927
0.3803628087043762
0.2282866984605789
-0.2921656668186188
0.2968989014625549
0.4015562832355499
-0.0241912938654423
0.8045166134834290
0.2248683273792267
-0.9284038543701172
-0.0883637517690659
1.0267543792724609
-0.2075362354516983
-0.0211870800703764
-0.7966654896736145
-1.3601928949356079
-0.9772303104400635
0.3587752282619476
1.1049336194992065
-0.8442742824554443
-0.4797363281250000
0.0239882618188858
-0.1091159284114838
-0.8048554062843323
-0.3902424275875092
0.0587187893688679
-0.8180844187736511
0.4957745075225830
-0.6901191473007202
0.0637494549155235
-0.0011812159791589
-0.6020662784576416
-0.4869797825813293
0.0190169736742973
0.2762783467769623
-0.0487015396356583
1.0765486955642700
-0.2425054907798767
-1.3276147842407227
-0.4329385757446289
0.4790412485599518
-0.9730899333953857
-0.3211309909820557
0.4515239596366882
0.9360785484313965
-0.8384481668472290
-0.3850547969341278
-0.0599135383963585
0.2179242670536041
0.8977169394493103
-0.8662331700325012
0.2621657550334930
-0.0612504296004772
-0.2633141577243805
-0.5625088214874268
0.8596086502075195
-0.6605641841888428
0.0092249587178230
0.6069947481155396
0.7652136087417603
-0.4918419122695923
0.2896750271320343
-0.5677359700202942
-0.8194440007209778
0.2682761251926422
0.1584139168262482
-0.4834497272968292
-0.8734678626060486
0.7125507593154907
-0.1355473399162292
0.5081678628921509
0.3731635510921478
-0.0351250767707825
-0.6982949972152710
-0.1614349186420441
0.2844507098197937
-0.8148324489593506
0.0368329137563705
-0.9995250701904297
-0.9701666831970215
-0.7971100211143494
0.8809934258460999
1.1836290359497070
-0.0101944776251912
-0.4193999171257019
-0.0275157876312733
0.0014272108674049
0.1354692429304123
-0.0524368099868298
0.0587188117206097
-1.0005047321319580
0.2870804071426392
-0.0575827248394489
0.3860541582107544
0.0913193747401237
0.0114598842337728
-0.5486796498298645
0.0190169997513294
-0.1605857014656067
0.7550418376922607
0.7528492808341980
-0.1818969696760178
-0.5755518674850464
0.3591173589229584
0.3812568485736847
-0.6097794771194458
-0.4567883610725403
0.7769035100936890
0.9360785484313965
-0.7369285225868225
-0.8251568078994751
-0.4647236466407776
0.0916179418563843
1.3858374357223511
-0.9671680331230164
0.4694298505783081
0.6325449347496033
-0.6874995827674866
-0.1941607594490051
0.1971529722213745
0.0956875383853912
-0.0529757291078568
0.3436991274356842
1.3886771202087402
-0.1221310794353485
0.4794711470603943
0.4071861207485199
-1.3071736097335815
1.4624114036560059
-0.4519454836845398
-0.0305265672504902
-0.1177749708294868
1.2469602823257446
0.4552666544914246
0.5614038109779358
0.5888400673866272
-0.2951185703277588
-1.0434582233428955
-1.0382888317108154
0.0060866232961416
0.0961117520928383
-1.2396072149276733
-0.6445208191871643
-1.2487568855285645
-0.4818997979164124
-0.0473945029079914
1.4590622186660767
-0.0657996907830238
-0.9020911455154419
0.6420373916625977
0.3883283436298370
-0.6942288875579834
-0.1199979111552238
-0.1286383271217346
-1.9582103490829468
0.2349069118499756
-0.9431337714195251
-0.0651724636554718
0.0450690984725952
0.4018856287002563
0.2534177601337433
-0.6525691747665405
-0.0357673764228821
-0.2209322303533554
1.2707684040069580
0.9090551137924194
-1.2697639465332031
-0.2501564621925354
0.7723945379257202
-1.4402033090591431
-0.3663500547409058
1.1673589944839478
0.7363232374191284
-1.1937665939331055
-0.8251568078994751
-0.6960436701774597
0.5336900949478149
1.4943088293075562
-1.2363275289535522
0.4694298207759857
0.9479064345359802
-0.6344764232635498
0.0360568352043629
0.4009855389595032
-0.6605641245841980
-1.2347890138626099
-0.1302330344915390
1.9082299470901489
-1.2312632799148560
1.4284517765045166
0.7321602106094360
-0.3926806151866913
0.3677873313426971
-1.8946131467819214
1.0047264099121094
0.0566157251596451
1.3063393831253052
0.2941355705261230
1.4131785631179810
0.3731635212898254
0.9398506283760071
-0.1230229735374451
-1.1113599538803101
0.7483905553817749
0.3130033016204834
-0.7754471302032471
-0.4416610896587372
-0.5244223475456238
0.1485207378864288
-0.9177581667900085
1.8131908178329468
-1.6783539056777954
-0.9624275565147400
0.2815087139606476
0.4435999095439911
-0.0304703749716282
0.3529298603534698
0.7456950545310974
-0.7268744707107544
0.3914274573326111
-1.3226556777954102
-1.0320867300033569
-0.3249331712722778
-0.4347409605979919
0.1917179822921753
0.6906030774116516
0.9003698825836182
-0.1061118617653847
0.8175891637802124
1.7575733661651611
-1.0383599996566772
-0.9203575849533081
0.9190710783004761
-2.0111200809478760
-0.5472266674041748
-0.8499943017959595
0.7030305862426758
-0.4831296801567078
-0.9351822733879089
0.4027265310287476
1.2283748388290405
-0.1869954615831375
-1.3036173582077026
0.5212457776069641
0.3802556991577148
-0.3693605065345764
-0.2402042746543884
0.7576923370361328
-0.5525282025337219
0.6934326887130737
0.3436991274356842
1.6484535932540894
-2.0323035717010498
0.7641653418540955
1.0571342706680298
-0.1488158106803894
-2.1199946403503418
0.4913372099399567
-1.8422194719314575
-0.1759051680564880
0.9500661492347717
0.5089769959449768
-0.2903708219528198
1.9907374382019043
-0.8801038265228271
-0.1805501580238342
0.1308497190475464
1.5834823846817017
0.0527336038649082
0.5009930133819580
-0.6445208191871643
-1.8616553544998169
-0.9322002530097961
0.7649449706077576
2.0099289417266846
0.3790428042411804
-0.7210819721221924
-1.3151180744171143
0.8305011391639709
0.5226616859436035
-1.0658534765243530
-0.5033525228500366
-0.5900593400001526
1.0696834325790405
-1.9551919698715210
-0.0651724636554718
2.3575835227966309
-2.3868699073791504
-2.2762742042541504
0.6234444975852966
1.3996428251266479
0.9846829175949097
0.8823291063308716
-0.7273730039596558
-0.9226579070091248
0.1154078692197800
-0.2543418705463409
-2.1149232387542725
-1.6777050495147705
-0.4595386981964111
0.3701049089431763
0.1767475306987762
-2.3105008602142334
1.6171567440032959
-2.4345085620880127
0.0841826051473618
0.2776947617530823
-2.0695550441741943
2.0832076072692871
-2.4902875423431396
-0.4243783354759216
1.1143993139266968
-0.6605641245841980
0.2580278813838959
0.1330626159906387
1.3367217779159546
-1.4161187410354614
0.2422259747982025
0.2122016549110413
-0.9413764476776123
1.0146106481552124
-1.2842537164688110
-0.3540430665016174
-0.1177749708294868
1.4250969886779785
0.2404251843690872
1.5728864669799805
1.0741121768951416
0.8098539113998413
-0.6982949972152710
-0.2345060408115387
0.4236325919628143
0.5732731819152832
-1.0075272321701050
-0.3402313292026520
-0.6358584165573120
-0.1666895300149918
-0.5696126222610474
1.5377573966979980
-0.6774582862854004
-1.0831003189086914
0.8480536937713623
0.6094147562980652
-0.9154817461967468
0.0151242837309837
0.9330521225929260
-1.9582103490829468
0.2870804071426392
-0.7533727884292603
-0.2585553824901581
0.2300702780485153
0.9038614034652710
-0.2401804774999619
-0.7868863344192505
-0.2229948192834854
0.5254009366035461
0.6881093978881836
0.7272297739982605
-0.5755518674850464
-0.0673742145299911
1.1635322570800781
-1.4921048879623413
-0.6376649737358093
0.3213721513748169
0.8694934844970703
-1.1430068016052246
-0.9901950359344482
0.1135764569044113
-0.2873010337352753
0.3553607463836670
-1.3372625112533569
0.5212458968162537
0.5064003467559814
-0.1572678089141846
0.7267097234725952
0.6048181056976318
-0.6065461635589600
-0.1773770898580551
0.5016764998435974
1.3886771202087402
-0.4918419122695923
0.7641654610633850
0.0822120532393456
-1.3071736097335815
1.4126557111740112
-0.5074326992034912
-0.1599331349134445
-0.1759051680564880
1.5438547134399414
0.2941355705261230
0.4549319446086884
0.2114061564207077
0.2248684465885162
-1.1009855270385742
-0.9652176499366760
0.1916626095771790
0.0093552507460117
-1.1815872192382812
-0.6445208191871643
-1.4159108400344849
-0.6620199084281921
0.0686540529131889
1.3803670406341553
0.1566216051578522
-0.9624275565147400
0.3845168650150299
0.2225135862827301
-0.6942288875579834
0.4204909801483154
0.1211711615324020
-1.7757900953292847
0.2349069118499756
-1.0696408748626709
-0.1940943449735641
0.0913193747401237
0.2903354465961456
0.3768174350261688
-0.7197278141975403
0.0266417488455772
-0.3357528448104858
1.2707684040069580
0.7878382802009583
-1.2697639465332031
-0.0673742145299911
0.4790412485599518
-1.3883019685745239
-0.4567883610725403
1.0372072458267212
0.6364454627037048
-1.3460459709167480
-1.2102459669113159
-0.4068937301635742
0.1547711640596390
1.4943088293075562
-1.2363275289535522
0.2621657550334930
0.6325448751449585
-0.8465690612792969
0.1741874217987061
0.3500274419784546
-0.4985101819038391
-1.1725884675979614
0.7123130559921265
0.7132583260536194
-0.4302233755588531
0.4320221543312073
-0.4377464354038239
-0.8804102540016174
0.3180317282676697
0.2139011025428772
-0.4187464714050293
-0.6990772485733032
0.5937930941581726
-0.3503888547420502
0.3484601080417633
0.6427592635154724
-0.0351250767707825
-0.6982949972152710
-0.7460042238235474
0.3308447003364563
-0.9015890359878540
0.2689130604267120
-0.3402313292026520
-1.0258846282958984
-0.8871701359748840
0.8809934258460999
1.3410192728042603
0.0454109124839306
-0.4797363281250000
-0.0790198743343353
0.3883283436298370
0.0248428601771593
-0.1199980154633522
-0.0661859512329102
-1.0461096763610840
0.4957745075225830
-0.6901191473007202
0.3860542774200439
0.2300702631473541
-0.2674156427383423
-0.2401804774999619
-0.0481416508555412
-0.0981765538454056
0.4679906368255615
0.7528492808341980
0.1211452260613441
-0.4598498940467834
0.2981899976730347
0.5768256187438965
-0.7654839158058167
-0.5472266674041748
0.5816757678985596
0.6697380542755127
-0.6861686706542969
-0.8801694512367249
-0.3490636944770813
0.0916179418563843
1.6027799844741821
-1.2026827335357666
0.0030856858938932
0.3802557289600372
-0.8465690612792969
-0.0099867060780525
0.3500274419784546
0.0956875383853912
0.1336265355348587
0.5543355941772461
0.7132583260536194
-0.3069865107536316
0.3845730721950531
-0.3727515935897827
-0.5146129727363586
-0.0800133049488068
0.3248755633831024
-0.7422628998756409
-0.9315981864929199
0.5937930941581726
-0.6189407110214233
0.4549319148063660
0.4270826876163483
-0.0351250767707825
-0.2380773723125458
-0.3075772523880005
0.2844507098197937
-1.1618589162826538
-0.2532670795917511
-0.7966654896736145
-1.1373207569122314
-0.9322002530097961
0.9390177130699158
1.2623239755630493
0.0454109124839306
-0.3590635061264038
-0.3880443871021271
0.0566987805068493
-0.0857835710048676
-0.5253645777702332
0.5583378672599792
-0.9092946052551270
0.3914274573326111
0.3219390809535980
-0.1940943896770477
0.2763205766677856
-0.0443152487277985
-0.7337789535522461
-0.0481416508555412
-0.2229948341846466
0.5254009366035461
-0.0240294318646193
-0.1212885901331902
-0.5755518674850464
0.5418995022773743
0.5279334783554077
-0.7654839158058167
-0.5924457907676697
0.0610684975981712
1.0359562635421753
-0.7369285821914673
-0.7151311635971069
-0.0020835399627686
-0.0346883870661259
1.1688950061798096
-1.1353926658630371
0.3657978475093842
0.1279664933681488
-0.5284300446510315
-0.1941607594490051
0.0952367484569550
-0.0663663819432259
0.0714258402585983
0.2910400032997131
-0.0141157377511263
-0.4302234351634979
0.1473279595375061
-0.3727515935897827
-0.2707481980323792
0.0194979384541512
-0.0635349601507187
0.0341767743229866
-1.6872910261154175
0.2375200539827347
-0.6189405918121338
0.2419883012771606
0.3731635510921478
-0.2951185703277588
-0.4681861996650696
-0.7460042238235474
0.2380566000938416
-1.2486153841018677
0.3269328474998474
-0.8473803997039795
-0.6358584165573120
-0.7070499658584595
0.9390177130699158
1.1049336194992065
-0.4550369679927826
-0.0573813021183014
-0.3365403115749359
-0.2749306857585907
0.0248428601771593
-0.5253645777702332
0.3085283041000366
-0.9092946052551270
-0.0259608365595341
0.0056708953343332
0.2571322917938232
-0.2324326336383820
-0.1000903472304344
-0.9805782437324524
0.3548100590705872
-0.0357674024999142
0.2383497059345245
0.4938897192478180
-0.0606801062822342
-0.4598498940467834
0.8465363979339600
0.7723945379257202
-0.3502720296382904
-0.7281031608581543
0.7769035100936890
1.0026637315750122
-0.5846491456031799
-0.3850547075271606
-0.1177435740828514
0.2810774445533752
1.4943088293075562
-1.0681028366088867
0.7285099029541016
0.0648941993713379
-0.1042445972561836
-0.0099866688251495
-0.1085956543684006
-0.0123484227806330
0.8178340196609497
1.0809268951416016
0.3495712578296661
-0.8615526556968689
0.0524299219250679
0.7321602106094360
-1.7339371442794800
-0.7268366217613220
0.6023116111755371
-1.9069223403930664
-2.7336351871490479
-0.3562684357166290
-0.5115199089050293
-1.3018532991409302
-0.2738660573959351
1.0698473453521729
-1.5036758184432983
-1.4036446809768677
2.5113625526428223
-1.6390200853347778
2.5316932201385498
-1.6081039905548096
-2.1402456760406494
-1.6526808738708496
0.4167995154857635
1.5771051645278931
1.8247809410095215
1.9940571784973145
-0.6455649137496948
-0.1091159284114838
3.4542613029479980
0.8934189081192017
1.9947426319122314
-0.5900593400001526
0.3914274573326111
0.5117000341415405
0.0637494549155235
0.4613218307495117
-3.3908214569091797
-0.8571786880493164
-0.7868863344192505
1.1500064134597778
3.3959133625030518
-0.9303878545761108
-0.4849392175674438
-0.2862968742847443
-0.7375755906105042
-2.0144615173339844
0.7915610671043396
-0.9994179606437683
-1.0452220439910889
-0.6286721825599670
-0.5338894128799438
-0.4400675296783447
-0.9851938486099243
-3.0028872489929199
1.8197225332260132
-1.7410017251968384
-1.8104749917984009
-1.7011306285858154
-1.1647081375122070
-0.2402042746543884
0.3500274419784546
-0.0123484227806330
0.6312320232391357
-1.3940521478652954
0.8691242337226868
-0.4918419122695923
0.8590633869171143
-1.4126685857772827
0.4608462154865265
0.4175430238246918
1.4346200227737427
-0.7422628998756409
-0.8734678626060486
-0.0593741647899151
-0.2429681420326233
-1.3550891876220703
-0.1121086627244949
1.0048489570617676
-0.0079686176031828
-1.4036445617675781
2.0474224090576172
-2.5065860748291016
-0.3112870454788208
-0.0866568163037300
-2.1959633827209473
-1.6526808738708496
0.0686540529131889
1.1442812681198120
1.4911490678787231
0.3649737536907196
-0.9545893669128418
-2.5410656929016113
1.2417335510253906
0.6907353997230530
-0.1286383122205734
0.8693016767501831
-0.1303079128265381
0.5749536752700806
0.1926712691783905
1.4325777292251587
-2.6099700927734375
-1.1039777994155884
-1.9285827875137329
1.3996428251266479
1.1569136381149292
1.4649881124496460
1.2120974063873291
-2.7160389423370361
-0.6766480207443237
0.3323646187782288
-0.1426660120487213
-1.1802945137023926
1.3625867366790771
-0.1292836368083954
-1.0414872169494629
0.5501617789268494
-1.1008536815643311
-0.0978415757417679
-0.3497022986412048
-1.6737118959426880
-1.6550270318984985
0.1279664933681488
-1.8540093898773193
-1.1610745191574097
-0.3124280571937561
-1.4168156385421753
-2.1677994728088379
-0.7094834446907043
0.1417501270771027
-0.1221310794353485
0.6218182444572449
-0.4377465248107910
-0.8194440007209778
0.6165655851364136
-0.5074327588081360
-1.0657794475555420
-1.6872910261154175
0.0000046612694860
-0.9949132204055786
0.0290446467697620
-0.2738660573959351
0.6798570156097412
-0.7558221817016602
-0.8190753459930420
-0.0403073541820049
-1.2919937372207642
0.3849528431892395
-1.2530996799468994
-0.8587304949760437
-0.4818997979164124
0.8809934258460999
0.9475432038307190
0.0454108193516731
-0.1177177056670189
-0.0275157876312733
-0.4407454431056976
0.5779748558998108
-0.5253645777702332
0.0587188117206097
-1.1373198032379150
-0.1303079128265381
0.2586854696273804
0.1282104402780533
-0.4174338579177856
0.2345602959394455
-0.6103793978691101
-0.2496174871921539
0.5883239507675171
1.0995033979415894
0.0407105460762978
0.2423621863126755
-0.6334029436111450
0.4200447797775269
0.8212866783142090
-0.1426660120487213
-0.5924457907676697
0.5816757678985596
0.9360785484313965
-0.7369284629821777
-0.5500931143760681
-0.3490636348724365
0.5336901545524597
1.1688950061798096
-1.5727770328521729
1.1948542594909668
-0.1873950511217117
-0.5814532041549683
-0.3783348202705383
-0.5672186017036438
0.3657774329185486
0.2580278813838959
0.2910400032997131
-0.0660710185766220
-0.0605126321315765
0.4794711470603943
-0.3727517127990723
-0.2707482874393463
0.0692536011338234
0.1029266864061356
-0.4187463819980621
-1.7454212903976440
0.2375200092792511
-0.7800717949867249
0.4549319148063660
0.1035679057240486
-0.5551120638847351
-0.5257133841514587
-0.6729331016540527
0.1916626691818237
-1.2486153841018677
0.2689129710197449
-0.6952356696128845
-1.0816026926040649
-0.7971100211143494
1.1130903959274292
0.9081956148147583
-0.3994316160678864
0.3046373426914215
-0.1305239796638489
-0.3854738473892212
-0.0304703749716282
-0.3902424275875092
0.0587188117206097
-0.7724794745445251
0.3392539322376251
0.0689245164394379
0.3215932548046112
-0.2786829471588135
-0.1000903472304344
-1.0422780513763428
0.4891272783279419
-0.0357674248516560
0.4105804860591888
0.6233695149421692
-0.4243308603763580
-0.4019988477230072
0.8465363979339600
0.9679632782936096
0.0130385141819715
-0.7733223438262939
0.6467517018318176
1.0692487955093384
-0.3816100955009460
-0.6051058173179626
-0.2334036231040955
0.2810773849487305
1.2773662805557251
-0.8662331700325012
0.8321419358253479
0.1910387873649597
-0.1042445972561836
-0.1941607594490051
0.0952367484569550
-0.1203843951225281
0.6934326887130737
0.3436991572380066
0.9730348587036133
-0.5534603595733643
0.4320220947265625
-0.3077569007873535
-0.6365454196929932
-0.1297689825296402
0.2139011025428772
-0.6775596737861633
-0.9315981864929199
0.4156565964221954
-0.3503888547420502
0.3484601080417633
0.3731635510921478
-0.2951185703277588
-0.4106590151786804
-0.5267906785011292
0.1452686190605164
-1.2919937372207642
0.2689129710197449
-0.5430909395217896
-0.9144485592842102
-1.1573504209518433
0.7069207429885864
1.1836290359497070
0.1566215157508850
-0.0573813021183014
-0.4910525679588318
-0.2196591049432755
0.1907824575901031
-0.1199979111552238
0.9330520033836365
-0.6812694072723389
0.5479480028152466
0.0056708953343332
-0.0007115347543731
0.1838199645280838
-0.3231907784938812
-0.7954789400100708
-0.5182518959045410
0.0266417227685452
1.0995033979415894
-0.2829890251159668
-0.0000716783106327
-0.1127438396215439
-0.1283016651868820
0.4790411889553070
-0.7135824561119080
-0.6376649141311646
0.2562962770462036
0.9027860760688782
-0.6354090571403503
-0.6051058173179626
0.4027265310287476
-0.4136073887348175
0.7350101470947266
-1.0681028366088867
0.1067176908254623
0.2541110813617706
-0.4754068851470947
-0.0099866315722466
0.5029019117355347
-0.0663663819432259
0.7556333541870117
