-0.0780704841017723
-1.0318454504013062
1.0624656677246094
0.2013006210327148
-0.1208471804857254
0.9882748723030090
-0.3756640255451202
0.1821729093790054
-0.3119626045227051
0.6744053363800049
-0.5105204582214355
0.6250836253166199
-0.4202890396118164
0.1301388144493103
-0.6367574334144592
0.2946475744247437
-0.5637487173080444
0.9579186439514160
-0.4221535027027130
-0.7294533848762512
0.5963254570960999
-0.1220081523060799
0.1433275789022446
0.8581446409225464
-0.9101475477218628
-0.7495872378349304
0.7323827743530273
0.0584444403648376
-0.4383898079395294
0.2551853358745575
-0.7605020403862000
-0.6911381483078003
0.3488408029079437
-0.4619097411632538
-0.6967688798904419
-0.6859722137451172
-0.0863401815295219
-0.1032465547323227
0.9719383120536804
0.1338803917169571
-0.5266301035881042
0.8302109241485596
0.6834117174148560
1.0234957933425903
-0.5493841767311096
0.2573678493499756
-0.7770377397537231
-0.6010897159576416
-0.3035358488559723
-0.0527240149676800
-0.7563782930374146
0.0431063547730446
-1.0367214679718018
0.3840751945972443
0.7429414391517639
-0.5886983275413513
0.5471723079681396
-0.1163483560085297
0.1827467530965805
-0.5569616556167603
-0.1676477491855621
0.9632549881935120
-0.3362210690975189
-0.6278769969940186
-0.1165480315685272
-0.3570589423179626
-0.2051350325345993
1.5008418560028076
-0.3542653918266296
-0.2227305769920349
-2.3548161983489990
0.4121657013893127
0.7409686446189880
0.1885389834642410
-0.4088056683540344
1.0966564416885376
-1.3525919914245605
1.3166177272796631
-0.2689076960086823
1.9037996530532837
-1.7203263044357300
0.5033367872238159
-0.1235417723655701
0.6430401802062988
0.1612442731857300
-2.1435546875000000
-0.1445834934711456
1.4667688608169556
-0.7152144908905029
-2.0297973155975342
0.2416969239711761
0.0285173989832401
-1.8078750371932983
-1.3643747568130493
0.0485158413648605
-0.1089729815721512
-0.6754044890403748
-0.2771041989326477
-1.7302484512329102
-0.0311331599950790
0.1990901082754135
-1.8814333677291870
0.4670424163341522
0.6133130788803101
-0.9329071044921875
-0.8863949775695801
0.7774980664253235
-0.1652507781982422
-1.7987214326858521
0.6722699999809265
0.1700380146503448
-0.1839294731616974
-1.8350579738616943
-0.5576516985893250
0.0056562460958958
1.4288389682769775
0.0840799510478973
1.9722768068313599
-0.3319557607173920
-1.3352059125900269
1.6204493045806885
-1.7284992933273315
1.3766089677810669
-0.3673480451107025
-1.8891144990921021
-0.2644522786140442
-0.3563356399536133
-0.6368328928947449
-0.2608387768268585
-0.6558929681777954
0.1117651164531708
1.5190174579620361
-0.4593036174774170
0.1193091124296188
-2.3367416858673096
0.0567222125828266
0.9965344667434692
-0.2098714411258698
-0.5715493559837341
0.9481982588768005
-1.2059376239776611
0.3712930679321289
-0.6908529996871948
1.8449282646179199
-1.6994869709014893
0.6209009885787964
-0.5099805593490601
0.2607026994228363
0.5685543417930603
-2.0190043449401855
-0.3549800217151642
1.5266335010528564
-0.9270982146263123
-1.4463002681732178
0.5045643448829651
-0.2408260554075241
-1.9162514209747314
-0.8073285222053528
0.0792380347847939
0.4246783554553986
-0.2733642160892487
0.0381523221731186
-1.0496643781661987
-0.3681826591491699
-0.0568129122257233
-2.3691649436950684
0.1526733040809631
0.6227136850357056
-1.4436551332473755
-0.3505758345127106
0.4293787181377411
0.1923397183418274
-1.9996637105941772
1.1510031223297119
0.4708738923072815
-0.0448760986328125
-2.6889977455139160
0.1189514845609665
0.3384989500045776
1.2840609550476074
0.2086133658885956
1.4428763389587402
-0.2848111391067505
-1.1265047788619995
2.2241675853729248
-2.6095583438873291
1.5045226812362671
0.3412082791328430
-1.6086945533752441
-0.4398389160633087
-0.6379396915435791
-0.5651857256889343
-0.7995241880416870
-0.9354473948478699
0.8580138683319092
1.6825959682464600
-0.5760127305984497
0.6000136137008667
-2.5536348819732666
0.5689790248870850
0.2809501290321350
-0.5499778985977173
-0.5715493559837341
1.3761068582534790
-1.4992464780807495
0.5738626122474670
-0.5610237121582031
1.7762448787689209
-1.4598357677459717
0.5190119743347168
-0.5099805593490601
-0.3569194376468658
-0.4497207701206207
-2.3639128208160400
0.4533856213092804
1.5565658807754517
-1.4525697231292725
-1.8556193113327026
0.3906551003456116
0.6071071028709412
-2.1625616550445557
-0.5288055539131165
0.6527189612388611
0.8127884864807129
-0.0149098187685013
-0.4727807641029358
-0.5959416627883911
-0.6474522948265076
-0.6670431494712830
-2.2777152061462402
0.2574629783630371
0.8953322768211365
-1.0373781919479370
-0.3902661800384521
0.6740031242370605
0.2599919140338898
-2.6374373435974121
0.5126922130584717
-0.3090708851814270
0.0594139099121094
-1.7422386407852173
-0.8808054924011230
0.6450645923614502
1.3564500808715820
0.0266029648482800
1.5548647642135620
-0.6902548074722290
-1.0622891187667847
2.4841015338897705
-2.4877097606658936
1.6644150018692017
1.0098458528518677
-2.0604822635650635
-0.7493449449539185
-1.4324651956558228
-0.4308472275733948
-0.5398008823394775
-0.6462531685829163
0.5206685662269592
1.3554388284683228
-0.9961656928062439
0.2394852191209793
-2.4722998142242432
0.4644368290901184
0.5160707235336304
0.1496696472167969
-1.2225240468978882
2.0921986103057861
-1.1430857181549072
1.0175864696502686
0.1205802187323570
2.0313544273376465
-2.5330567359924316
0.9422434568405151
0.0433295890688896
0.1626674234867096
-1.2180556058883667
-2.8621139526367188
0.0215190500020981
0.7982800006866455
-1.3423902988433838
-2.0907599925994873
0.1015009358525276
0.2180553823709488
-2.1625616550445557
-0.2812294363975525
0.1202009245753288
0.6672471761703491
0.4445647001266479
-0.6684572100639343
-0.9740439653396606
-0.1466929614543915
-0.5784613490104675
-2.3081984519958496
0.3813053667545319
1.5345757007598877
-0.3409034609794617
-0.8566272258758545
1.5678229331970215
-0.5421702265739441
-2.8034329414367676
-0.0830647349357605
-0.7547535896301270
-0.2360744774341583
-2.4569489955902100
-1.4261274337768555
0.6275465488433838
0.5291469097137451
1.2336199283599854
1.8704689741134644
-0.0302302539348602
-1.6964192390441895
2.5427966117858887
-2.0003154277801514
1.8456262350082397
0.9898865222930908
-1.6865888833999634
0.4267778694629669
-1.8951002359390259
-0.4398031830787659
-0.6552335023880005
-0.9354473948478699
0.5615589618682861
1.5553681850433350
-0.4826454222202301
0.4983260929584503
-2.6801562309265137
0.7048838734626770
0.5365160107612610
-0.6568684577941895
-0.7851504087448120
1.3673740625381470
-1.4678205251693726
0.2458928227424622
-0.0308872982859612
1.9430471658706665
-1.6786477565765381
0.4719862937927246
-0.5099805593490601
0.2312921285629272
-0.0701818615198135
-2.1818773746490479
0.0436660349369049
1.2073552608489990
-1.5288480520248413
-1.6814409494400024
-0.2139399647712708
0.0085660303011537
-2.1625616550445557
-0.6010152101516724
0.3045341372489929
0.5605169534683228
-0.0053374543786049
-0.3640715777873993
-0.4110916554927826
-0.3874425888061523
-0.6276734471321106
-2.5723862648010254
0.1621996760368347
0.8671303391456604
-0.9793386459350586
-0.4994144737720490
1.0597568750381470
0.0763644203543663
-2.3666017055511475
0.5020537376403809
-0.5764805078506470
0.1463222801685333
-2.1227986812591553
-0.3758777379989624
0.9691482782363892
0.9117746353149414
0.4864189922809601
1.7584803104400635
-0.4922475218772888
-1.1586127281188965
2.0900077819824219
-2.7126615047454834
1.5045226812362671
0.8202323317527771
-1.4373269081115723
-0.1819172501564026
-0.6580542325973511
-0.3054646849632263
-0.4051294922828674
-0.3570589423179626
0.1117651164531708
1.8279993534088135
-0.1908726543188095
-0.0563328787684441
-2.1740715503692627
0.9766936302185059
0.5774065256118774
-0.3361966609954834
-0.8054933547973633
1.2014503479003906
-1.2687895298004150
0.7957245111465454
-0.4203752875328064
1.6683139801025391
-1.8766205310821533
0.2368576675653458
-0.5099805593490601
0.5057908296585083
0.1705013215541840
-1.9615197181701660
-0.4767885506153107
1.7760697603225708
-0.8677707910537720
-1.8294925689697266
0.2416969239711761
-0.2607774734497070
-1.5418599843978882
-1.0342732667922974
0.0587565451860428
0.3373536169528961
-0.5509634613990784
-0.0270731579512358
-1.0244575738906860
-0.3296626508235931
0.2089325040578842
-2.1862657070159912
0.3336737155914307
0.6321143507957458
-1.0838098526000977
-0.2215822935104370
0.6269599795341492
0.1246874555945396
-2.1132397651672363
1.0765336751937866
0.3705952763557434
-0.2621470093727112
-1.8907496929168701
0.2704298198223114
0.6100285053253174
1.5839583873748779
-0.1937255710363388
1.7482995986938477
-0.1339484006166458
-0.9097768068313599
2.0564677715301514
-2.4127261638641357
1.5045226812362671
0.3212488591670990
-1.9046934843063354
-0.3263534307479858
-0.4267366528511047
-0.4577149748802185
0.4413761794567108
-0.1160636991262436
0.0606522411108017
1.3463510274887085
-0.3192526698112488
-0.2966850399971008
-2.2282948493957520
0.8303345441818237
0.9454213380813599
0.4217548072338104
-0.6732640862464905
1.3586412668228149
-0.9335793852806091
1.0368787050247192
-0.6367575526237488
1.9037996530532837
-1.6161299943923950
0.3230715394020081
-0.4309362769126892
0.3979520797729492
0.0409026741981506
-2.2585239410400391
-0.4103475511074066
1.6563403606414795
-0.8508200645446777
-1.4985537528991699
0.1015009358525276
0.1182985603809357
-1.4531883001327515
-1.2921650409698486
0.0382750704884529
-0.1089729815721512
-0.4552395939826965
0.1142487600445747
-1.6546280384063721
-0.1466929614543915
-0.1946068555116653
-2.2269096374511719
0.0955152958631516
1.0363417863845825
-1.1534574031829834
-0.4001886546611786
0.9374448060989380
-0.1169276461005211
-1.8249312639236450
0.2680063545703888
0.2591745853424072
-1.0443223714828491
-2.1784901618957520
-0.2950893044471741
-0.0819338858127594
1.3667912483215332
-0.1362485140562057
1.6159493923187256
0.1300614476203918
-1.2308552265167236
2.3080170154571533
-1.7941099405288696
1.4405658245086670
-0.3374090790748596
-1.7722729444503784
-0.3469871282577515
-0.9296009540557861
-0.2338175028562546
-0.2223612517118454
-0.1931821703910828
-0.4606996774673462
1.3554388284683228
-0.1675308346748352
-0.1672646999359131
-2.5626721382141113
-0.4032634198665619
0.4547349214553833
-0.2001540660858154
-0.6020637750625610
0.8521371483802795
-1.1535609960556030
1.2394483089447021
0.3477815389633179
2.0804138183593750
-1.5536123514175415
0.4563109874725342
0.2980278730392456
0.2018815577030182
0.0316455885767937
-1.5687071084976196
0.0547395497560501
1.7461373805999756
-0.5626583099365234
-2.4565339088439941
0.0752141997218132
-0.0313367024064064
-1.8965468406677246
-0.7970129847526550
-0.3918356895446777
0.0656765773892403
-0.6754044890403748
0.0272814314812422
-1.3521462678909302
-0.5607823729515076
0.4845203161239624
-2.2167487144470215
-0.3522225320339203
0.9893386960029602
-1.0025545358657837
-0.8665498495101929
0.0436249077320099
-0.0299462303519249
-1.4405198097229004
-0.1362572908401489
0.4597317874431610
-0.1578569710254669
-1.8629039525985718
-0.1638080924749374
0.3384989500045776
1.0358700752258301
-0.1362485140562057
2.5220386981964111
-0.1339484006166458
-0.9820194840431213
2.3583269119262695
-2.4033529758453369
1.6217771768569946
-0.2775310873985291
-1.2971168756484985
0.0347369611263275
-1.0804601907730103
-0.5024944543838501
0.6241444349288940
0.6358413696289062
-1.7487456798553467
0.0740728080272675
-0.4476327300071716
-0.1302874088287354
-2.7343795299530029
-0.2569043636322021
0.5160707235336304
-0.2584580183029175
-0.0629753619432449
0.7910073399543762
-0.9021534919738770
1.5384795665740967
0.6831738948822021
2.3158993721008301
-2.3142447471618652
1.4125005006790161
1.3431693315505981
0.7116649150848389
0.8277516365051270
-1.0513446331024170
0.5751941204071045
2.0454607009887695
0.2848765254020691
-2.6829657554626465
0.2241723835468292
-0.2408260554075241
-0.4876518547534943
-0.6010152101516724
-0.7400205135345459
-0.9628152251243591
-1.8240907192230225
1.3426623344421387
-1.9235007762908936
-1.0422816276550293
0.7010535597801208
-2.6333525180816650
-1.1238558292388916
1.2807583808898926
-0.8748674988746643
-1.5710529088973999
-0.3421288430690765
-0.0396108701825142
-0.5755940079689026
-0.9235075116157532
-0.3759232759475708
-0.3229828476905823
-2.0206971168518066
-0.4566661715507507
0.3297398984432220
1.1806480884552002
-0.5002695322036743
2.2267963886260986
-0.8976910710334778
-0.4201321005821228
1.4443646669387817
-1.9815694093704224
1.2700140476226807
0.0218589585274458
-0.3623838126659393
0.6227983832359314
-0.0445598214864731
-0.3771118521690369
0.2874660789966583
1.1756706237792969
-1.1558356285095215
0.7283872961997986
-1.0195074081420898
-1.2858270406723022
-0.6829296350479126
-0.5078056454658508
1.4667756557464600
0.7812957763671875
-0.4494915902614594
1.8389468193054199
-0.0746036618947983
1.2008637189865112
0.9536516070365906
0.6478761434555054
-1.6161299943923950
0.7071148157119751
1.6242157220840454
0.4077555239200592
0.4019275307655334
-2.0285849571228027
0.3647976219654083
0.4590468406677246
0.2848765254020691
-1.6727321147918701
-0.7046259045600891
0.7966450452804565
-0.9211579561233521
-2.0039460659027100
0.2942933440208435
-0.5650023818016052
-1.6230705976486206
1.2774368524551392
-2.5536711215972900
0.5081461071968079
0.5238900184631348
-1.2717694044113159
-0.3331697881221771
-0.2045426964759827
0.0537655279040337
-0.9955434799194336
1.2949727773666382
0.8495328426361084
-2.2704987525939941
0.3637529611587524
1.2508186101913452
-1.1138489246368408
-1.0275281667709351
-0.9111011624336243
-0.7476192712783813
0.3223210871219635
0.2948290109634399
1.6872148513793945
-0.3130978941917419
-0.6288331151008606
0.9496510028839111
-1.5597858428955078
1.2060571908950806
0.0617775917053223
-1.1491174697875977
0.2926586270332336
-0.6077678203582764
-0.4666708707809448
0.6722413301467896
1.0599930286407471
-0.5220353007316589
1.2736493349075317
-1.6380658149719238
-1.2858270406723022
-0.4298874139785767
-0.8214324116706848
1.9983526468276978
-0.2390234172344208
-1.2632100582122803
1.3062443733215332
-0.4307643473148346
0.8921862244606018
1.1483957767486572
0.2652117908000946
-1.0743100643157959
0.8090039491653442
1.0269920825958252
0.0156145766377449
-0.0609248355031013
-2.3543319702148438
0.8520317673683167
-0.1296224594116211
-0.3083978295326233
-1.7511122226715088
-0.2314645349979401
0.4375203549861908
-0.4975042641162872
-2.0039460659027100
0.3045341372489929
-0.0992702543735504
-0.5796806216239929
-0.1140404865145683
-2.4696483612060547
1.2785450220108032
0.0711385756731033
-0.9770984649658203
0.7147271037101746
-0.3737541735172272
-0.0739215016365051
0.7210625410079956
1.7183610200881958
0.9171850681304932
-2.8034329414367676
1.3424966335296631
1.1282558441162109
-1.5657724142074585
-0.5912764072418213
-0.5980458855628967
-0.7738963365554810
0.6429010629653931
-0.9409264922142029
1.3207068443298340
0.2337795943021774
-0.6529139876365662
1.4946745634078979
-1.9253317117691040
1.1740787029266357
-0.8463720083236694
-2.3486917018890381
0.4370947182178497
-1.3520070314407349
-1.0219365358352661
0.9896810054779053
0.8479170799255371
-1.2785066366195679
0.3648792803287506
-1.0078364610671997
-1.1748952865600586
-0.6829296350479126
-0.0687284320592880
1.9983526468276978
0.7812957763671875
-0.1240042895078659
1.4023053646087646
-0.2317333668470383
1.3262637853622437
1.1051193475723267
0.7361832261085510
-1.1368275880813599
0.6679267883300781
1.7032599449157715
0.9371458888053894
0.4019275307655334
-1.9711003303527832
0.4201651215553284
0.7783250808715820
0.1238449066877365
-2.0036706924438477
-0.5644299387931824
0.7467666268348694
-0.3694229722023010
-2.0039460659027100
0.4991080462932587
-0.3127307891845703
-1.7475117444992065
1.3317912817001343
-2.5536711215972900
0.4407361745834351
0.2384597808122635
-1.2819304466247559
0.1240942925214767
0.3782970607280731
-0.4105509221553802
-0.3307307362556458
1.3702417612075806
0.9171850681304932
-2.3928115367889404
0.4169455766677856
0.7939938902854919
-1.3571923971176147
-0.5912764072418213
-0.9514952898025513
-0.5461618900299072
0.5084643363952637
-0.3948950469493866
1.1985374689102173
-0.6525390744209290
-0.3559164106845856
0.6561769247055054
-1.6910072565078735
1.2167166471481323
-0.5569617152214050
-1.2815380096435547
0.7259670495986938
-0.2457055002450943
-0.6099652051925659
1.0281584262847900
0.5683626532554626
-1.7487456798553467
0.4375808835029602
-1.1012037992477417
0.0176216438412666
-2.7343795299530029
0.0880848988890648
0.5774065256118774
-0.1418501287698746
-0.2664049863815308
1.0791908502578735
-1.3211660385131836
1.7603415250778198
0.8887370228767395
2.7672472000122070
-2.4288604259490967
1.7024925947189331
1.5715194940567017
0.9665566086769104
0.9943785071372986
-1.1375718116760254
-0.3217595219612122
2.0454607009887695
0.2848765254020691
-2.8658533096313477
0.5220888257026672
-0.0812151208519936
-1.4728931188583374
-0.6938562393188477
-0.8117057085037231
-0.7590574026107788
-1.8240907192230225
1.5274679660797119
-2.3940279483795166
-1.0422816276550293
0.9864839315414429
-2.6028692722320557
-1.1238558292388916
0.9987393021583557
-1.1070256233215332
-1.5214401483535767
0.0153990238904953
-0.7161332368850708
-0.5755940079689026
-0.9235075116157532
-0.4316336214542389
-0.0188035964965820
-2.2341821193695068
-0.5374546051025391
-0.0731748938560486
0.8187029361724854
0.0649209320545197
2.4100501537322998
-1.0108381509780884
-0.7251566648483276
1.1508904695510864
-1.7378721237182617
0.6411045789718628
0.4709439575672150
-0.3623838126659393
0.7775514125823975
0.4080180525779724
-0.4218913912773132
0.1046977937221527
-0.1160636991262436
-0.3584737777709961
1.7098592519760132
0.1359128355979919
-0.2227305769920349
-2.5897839069366455
0.0253595598042011
0.9147534370422363
0.3828854858875275
-0.8258363008499146
1.2014503479003906
-0.8602522611618042
1.3648486137390137
0.4992491304874420
2.0411665439605713
-1.5327731370925903
0.7541406154632568
0.7108148336410522
-0.0530101321637630
-0.2738368809223175
-1.3675106763839722
0.0436660349369049
1.2771974802017212
-0.6135103702545166
-2.0472152233123779
0.4958021044731140
0.5672043561935425
-1.9753658771514893
-0.9414322972297668
-0.3815948963165283
0.1821095794439316
-0.7902730703353882
0.2664415538311005
-1.2429167032241821
-0.4933724701404572
-0.0666553452610970
-1.9627220630645752
-0.4474858045578003
0.8389284610748291
-1.0141624212265015
-0.7077885866165161
-0.4268065989017487
0.5692592859268188
-1.5104128122329712
0.0445974729955196
0.0697594359517097
-0.2447653412818909
-2.0671069622039795
-0.3051878213882446
0.1195234805345535
1.6873712539672852
-0.4427925050258636
2.4100501537322998
-0.1810930222272873
-1.2870440483093262
2.1906273365020752
-1.4941749572753906
1.4192469120025635
-0.1178564205765724
-1.6086945533752441
-0.1096991524100304
-0.9597728252410889
-0.6010092496871948
-0.1454061865806580
0.1345712691545486
-0.4095868468284607
1.1736848354339600
-0.7860891819000244
-0.1487759947776794
-2.4813370704650879
0.8303345441818237
0.7409686446189880
0.5286453962326050
-0.6224067807197571
1.2975114583969116
-1.0383325815200806
0.9597094058990479
-0.0525255315005779
2.3453352451324463
-2.3976016044616699
0.5817129611968994
0.0257641747593880
0.9665566086769104
0.2630718052387238
-1.1279910802841187
-0.9418757557868958
1.2273101806640625
-0.2405950129032135
-1.8556193113327026
0.5045643448829651
-0.0113853374496102
-1.2068779468536377
-1.3850061893463135
-0.1460581272840500
0.1821095794439316
-0.4169500470161438
0.0925069153308868
-1.5201916694641113
-0.5800423026084900
0.5140475630760193
-2.2269096374511719
-0.1140640974044800
0.2654893994331360
-1.1418493986129761
-0.4498015940189362
1.2197036743164062
-0.3488782644271851
-1.6065156459808350
0.0977900698781013
-0.0862295702099800
-0.4794178903102875
-2.0021333694458008
-0.0022312141954899
-0.3884995579719543
1.8528318405151367
0.8217014074325562
2.0537228584289551
-0.2282375693321228
-1.0542620420455933
1.1508904695510864
-1.6160236597061157
1.4405658245086670
0.6006796360015869
-1.5074318647384644
-0.5739581584930420
-0.9497154951095581
-0.5472739338874817
-0.9341956377029419
0.4623247981071472
0.8580138683319092
2.3278229236602783
-0.7277345657348633
0.7664113044738770
-1.3155351877212524
0.2867150902748108
0.0764974653720856
0.1108003705739975
0.1811401396989822
1.1927175521850586
-1.0697585344314575
-0.0917231142520905
0.5317064523696899
2.7672472000122070
-2.0433344841003418
1.2557482719421387
-0.5099805593490601
0.3293273746967316
-0.8662878870964050
-1.1950565576553345
-0.9972431063652039
1.8459117412567139
-0.7575912475585938
-1.3243755102157593
0.8024807572364807
-1.3780540227890015
-0.4383898079395294
-1.2405867576599121
0.4069414436817169
0.7933829426765442
0.0042349658906460
-0.0596858933568001
-1.9403054714202881
-0.4548524916172028
0.9274293184280396
-1.5562793016433716
1.0386226177215576
0.1526816785335541
-1.2463206052780151
-0.0528985112905502
1.7183610200881958
-1.2090283632278442
-1.8074581623077393
1.2999424934387207
-0.2645026445388794
0.0767955332994461
-2.4569489955902100
0.4421051740646362
-0.8176914453506470
2.3905789852142334
0.7067474722862244
1.3410683870315552
-0.5582498908042908
-1.1987475156784058
0.8154914379119873
-1.7566181421279907
1.8243073225021362
0.5807202458381653
-1.7099573612213135
-1.3580400943756104
-1.3620642423629761
-1.3622605800628662
0.0662202462553978
0.1152916997671127
0.4593330621719360
1.3827017545700073
1.2563203573226929
-0.2134862244129181
-0.8184879422187805
0.3180777728557587
0.7716365456581116
-1.3565160036087036
-0.5308634042739868
0.4416942298412323
-0.8078755736351013
0.9500632286071777
-0.0849828571081161
2.4336423873901367
-1.5119338035583496
0.5190119743347168
-0.3255438506603241
0.0940427184104919
-0.3386362195014954
-1.2237987518310547
-0.3439065515995026
0.9279866814613342
-1.1559326648712158
-1.0021456480026245
-0.1701287627220154
0.0185417141765356
-0.9999772310256958
0.1313973069190979
0.8984965682029724
0.7545720338821411
-0.5988253355026245
0.2446997761726379
-1.4781802892684937
0.5755560398101807
0.6813687682151794
-0.9364540576934814
0.9147801995277405
0.0492746420204639
-0.7936120629310608
-1.4122915267944336
0.4481959939002991
-0.1362569332122803
-2.0346100330352783
1.4807972908020020
1.3956655263900757
-0.3577462434768677
-1.4266521930694580
0.2199369817972183
0.1107644885778427
1.4184975624084473
-0.2416230738162994
0.5367868542671204
0.7806569933891296
-0.3880242407321930
1.4695197343826294
-2.4689640998840332
2.7623417377471924
-0.4771243929862976
-0.8609081506729126
-0.6255424022674561
-0.7787417173385620
0.1781537830829620
-1.2804934978485107
-0.9354473948478699
-1.0433872938156128
0.0104588754475117
1.3146748542785645
0.1008204668760300
-2.3005928993225098
-0.4868972599506378
0.0356069616973400
-1.6966223716735840
0.0692538097500801
-0.1346724778413773
-1.2268882989883423
2.3680500984191895
1.7326276302337646
2.5317616462707520
-1.1680865287780762
1.0519701242446899
0.9391649961471558
0.0254180766642094
0.2260436117649078
-1.4728993177413940
1.1731632947921753
0.1996332257986069
-0.6982638239860535
-1.0021456480026245
-0.8360595703125000
1.1657452583312988
-0.4679470360279083
0.6265493631362915
0.9804223775863647
-0.0216481741517782
-1.8240907192230225
-0.1683950871229172
-1.2429167032241821
0.4696261584758759
1.3309687376022339
-1.8407891988754272
-0.5427492856979370
0.4064989686012268
0.1814526021480560
-1.7496592998504639
-0.6808397173881531
-0.8321084380149841
-1.4492564201354980
-0.7639298439025879
2.0864737033843994
0.4070473015308380
-1.9000316858291626
-0.7697213292121887
0.5049202442169189
0.0431063212454319
-0.5002695322036743
1.7381187677383423
0.7806569933891296
-0.3157815933227539
1.7126837968826294
-1.5785317420959473
2.7623417377471924
-0.8463720083236694
-0.3623838126659393
-0.5739581584930420
-0.7083407044410706
0.4826543331146240
0.0566008612513542
-0.1546229124069214
0.4900007843971252
0.9737553000450134
1.3146748542785645
0.0268659964203835
-0.8998230695724487
-0.2150874882936478
0.4854027926921844
-1.6966223716735840
-0.5308634042739868
0.5814194679260254
-1.1430857181549072
0.8439553976058960
-0.2905459403991699
2.1785328388214111
-1.6786477565765381
0.8560296297073364
-0.3870227336883545
0.1822745054960251
-0.3201221525669098
-0.9842791557312012
0.1986950784921646
0.6985055208206177
-1.2830628156661987
-0.9150565266609192
-0.0124082863330841
0.3776662945747375
-0.1428174972534180
0.2036069333553314
1.7996808290481567
0.3179481625556946
-0.6466872096061707
-0.2988460361957550
-1.4781802892684937
0.1325766295194626
0.3959385156631470
-1.7899839878082275
1.2196229696273804
0.5757105350494385
-0.5150221586227417
-0.9459304809570312
0.7022290229797363
-0.0879338458180428
-1.8511412143707275
1.4382432699203491
1.6965013742446899
-0.3229828476905823
-1.9000316858291626
0.1391485333442688
-0.1520060896873474
1.2944023609161377
-0.3565770387649536
0.4451597929000854
0.7806569933891296
-0.3559164106845856
1.3940548896789551
-2.7220344543457031
2.6877253055572510
-0.3074700534343719
-0.9076447486877441
-1.0898015499114990
-1.4626370668411255
-0.5741416215896606
-0.3666519820690155
0.5972820520401001
0.7864557504653931
2.0824549198150635
-0.8561145663261414
0.6462351679801941
-1.3155351877212524
0.1299017518758774
0.7205234169960022
0.2079736441373825
0.1709686219692230
1.1228549480438232
-1.4573451280593872
-0.0917231142520905
0.4018770754337311
2.7672472000122070
-1.8870401382446289
1.2870987653732300
-0.3694573640823364
0.2214885652065277
-0.4867489933967590
-1.0321829319000244
-0.9750962257385254
1.3570170402526855
-1.1220312118530273
-1.8382014036178589
0.8024807572364807
-1.3082242012023926
-0.4876518547534943
-1.6222664117813110
0.3864599168300629
1.0747628211975098
0.1382483541965485
-0.1683950871229172
-1.9150985479354858
-0.4067025482654572
0.2286173850297928
-1.5766015052795410
1.0386226177215576
-0.2233439236879349
-0.9445149898529053
-0.3604984283447266
1.7183610200881958
-1.1317113637924194
-1.9210340976715088
1.2999424934387207
-0.1865081489086151
-0.0188035964965820
-2.5497684478759766
0.3007254898548126
-0.5374028682708740
2.3905789852142334
0.1798748970031738
1.2392606735229492
-0.5488210320472717
-0.9980733990669250
0.8658012151718140
-1.8503477573394775
1.7496908903121948
0.5108626484870911
-1.7878516912460327
-1.2342376708984375
-0.7284551858901978
-1.2279222011566162
-0.1550255715847015
-0.1160636991262436
-0.2766931653022766
1.3100003004074097
-0.9378110170364380
0.0083773508667946
-1.8848804235458374
0.3912573158740997
0.4854027926921844
0.2565602064132690
-0.2358905524015427
1.4197710752487183
-0.9859560132026672
0.6992628574371338
0.1963140070438385
2.4238305091857910
-2.3246643543243408
1.0519701242446899
0.3243759870529175
0.6430401802062988
0.6796389222145081
-1.4249954223632812
-0.9640226364135742
1.6064530611038208
0.0051900967955589
-1.7336945533752441
1.0127748250961304
-0.5301209092140198
-1.4236309528350830
-0.9723792672157288
0.1202009245753288
-0.2254060506820679
-0.6754044890403748
-0.3640715777873993
-1.6378234624862671
-0.4837424457073212
0.2975142896175385
-2.2065877914428711
-0.2283801734447479
0.1996848732233047
-0.8632596135139465
-0.6085628271102905
1.4737367630004883
-0.6194871664047241
-1.4754662513732910
0.7467396259307861
-0.4204915761947632
-0.3316737115383148
-1.8443400859832764
-0.2546950578689575
-0.5811979770660400
1.4081566333770752
0.1702954769134521
1.9926381111145020
-0.2282375693321228
-1.3512597084045410
0.9580360651016235
-1.9815694093704224
1.8029882907867432
0.3711472749710083
-1.5931156873703003
-1.1929702758789062
-0.8390854597091675
-0.9592452049255371
0.3836599290370941
-0.1160636991262436
0.4491105079650879
2.1460688114166260
-0.9378110170364380
0.2672181725502014
-2.2463693618774414
1.0603272914886475
1.2521002292633057
0.0039097275584936
-1.1818382740020752
1.8564124107360840
-1.5097216367721558
0.7764322161674500
0.4451534748077393
1.8743641376495361
-2.1683697700500488
0.9814316034317017
0.5702916383743286
-0.1314383298158646
-0.4312067329883575
-2.7375633716583252
-0.1999510079622269
1.1175582408905029
-1.1728832721710205
-1.8556193113327026
0.1803611516952515
0.0285173989832401
-1.5221551656723022
-1.4365843534469604
-0.3918356895446777
0.3761646449565887
0.1382483541965485
-0.0488150045275688
-1.7134438753128052
-0.0696530714631081
0.1990901082754135
-2.1761045455932617
-0.1426431536674500
0.6415150165557861
-0.9445149898529053
-0.4498015940189362
0.7869067192077637
-0.2232383787631989
-1.7812482118606567
0.7254626154899597
-0.1419398486614227
-0.4794178903102875
-2.3919754028320312
-0.9817910194396973
0.1895956248044968
1.8941969871520996
-0.0021355263888836
1.6973956823348999
-0.4451028108596802
-1.7204999923706055
2.6601858139038086
-2.1784017086029053
1.8562858104705811
0.8801102638244629
-2.0371139049530029
-0.0168473795056343
-1.4827516078948975
-0.8965539336204529
-1.3285902738571167
0.1827703714370728
0.3264394402503967
2.1188056468963623
-0.8794564604759216
1.0160076618194580
-2.7343795299530029
0.4330741763114929
-0.6084190011024475
-1.6383184194564819
-0.3172623813152313
0.2408391535282135
-1.6039996147155762
0.6317396163940430
0.8779179453849792
1.5898187160491943
-0.0636070892214775
2.0081596374511719
0.2189835906028748
-0.2294736057519913
-0.1997805684804916
-2.5555284023284912
0.4976796805858612
0.0898813307285309
-1.1983094215393066
-1.8730370998382568
-0.3190869987010956
-1.3780540227890015
-0.3398657441139221
0.2551853060722351
1.5334218740463257
0.3179481625556946
0.6168676018714905
-0.0705567896366119
-1.0160552263259888
-1.0037616491317749
1.1341202259063721
-2.5927081108093262
-0.2664853930473328
1.3747648000717163
-0.6078854799270630
0.1753208041191101
0.5422823429107666
-1.5472894906997681
-1.0823181867599487
0.5765233635902405
-0.7547535896301270
0.5461007356643677
-2.8003809452056885
0.3714152574539185
1.3545451164245605
2.4733092784881592
-0.1170895546674728
2.9903545379638672
-1.5482866764068604
-1.6964192390441895
1.7042988538742065
-2.0565533638000488
0.9289106130599976
0.5507812500000000
-2.2240602970123291
0.3132923543453217
-0.8189707398414612
-1.8010995388031006
-1.3285902738571167
-0.0293054468929768
0.2037684321403503
1.8279993534088135
-0.2142144888639450
0.3596613407135010
-2.1740715503692627
-0.1419079601764679
-0.6084190011024475
-1.1233000755310059
-0.8054933547973633
-0.1346724778413773
-0.3155359029769897
0.1012003123760223
-0.0417064502835274
0.3829546272754669
-0.0636070892214775
1.4125005006790161
-0.1411071270704269
0.2410956323146820
-0.2923510372638702
-0.7926633358001709
0.1101070716977119
-0.2593292593955994
-1.6051261425018311
-0.6973337531089783
1.1704951524734497
-1.3082242012023926
-0.9113056063652039
0.6265493631362915
1.5231809616088867
1.0844655036926270
0.6168676018714905
1.0165349245071411
-0.4110916554927826
0.3540663421154022
0.0120840407907963
-2.1862657070159912
-1.0095397233963013
1.2525565624237061
-1.0954178571701050
0.2745465338230133
-0.6808397173881531
-1.5472894906997681
-0.5755940079689026
1.0658950805664062
0.4040214419364929
0.4765740334987640
-1.8721859455108643
-1.1231707334518433
1.3457859754562378
2.1010229587554932
0.3427264392375946
2.4405922889709473
-1.0014091730117798
-1.8248504400253296
2.1570875644683838
-1.6816343069076538
0.2253846824169159
1.6984426975250244
-2.1227977275848389
0.9116706252098083
-0.1954190731048584
-1.4159959554672241
-1.1265832185745239
-0.9354473948478699
-1.2682840824127197
1.6462452411651611
-1.6614075899124146
-1.2303609848022461
-0.6377435326576233
-0.4659887850284576
-0.3835210800170898
0.0330617576837540
-1.6598978042602539
0.4242285788059235
0.0615754425525665
-0.0917231142520905
-0.0958019420504570
0.2652117908000946
-1.8036831617355347
0.6679267883300781
-0.3518919944763184
0.1626674234867096
-0.2923510372638702
-0.4190126359462738
1.0513547658920288
1.7561148405075073
-1.7492070198059082
-1.6814409494400024
1.1704951524734497
-0.4004370272159576
-2.1625616550445557
0.3170793056488037
0.8268114328384399
0.3276508152484894
0.6168676018714905
-0.6467154026031494
-0.4110916554927826
-0.5800423026084900
-0.6079886555671692
-0.3369511961936951
-1.1238558292388916
2.0234091281890869
0.3555712699890137
0.7805980443954468
-0.5491188168525696
0.3469734191894531
-0.5755940079689026
1.7893141508102417
0.4151634871959686
0.6503907442092896
-2.4569489955902100
-0.6586372256278992
1.1005336046218872
2.6801350116729736
1.5018459558486938
1.6566724777221680
-1.6237181425094604
-1.1907204389572144
1.4359796047210693
-1.2411047220230103
0.0441734232008457
1.6984426975250244
-2.2084817886352539
0.2204405665397644
0.6594502329826355
-1.8010995388031006
-1.3285902738571167
-0.4148977696895599
-0.7162644267082214
1.5462806224822998
-0.2492272108793259
0.5353033542633057
-2.7343795299530029
-0.1314537227153778
-0.6084190011024475
-1.4634066820144653
0.0895967856049538
-0.1346724778413773
-1.4259191751480103
0.3134160637855530
-0.6908529996871948
0.8146784305572510
-0.1573836207389832
0.7149525880813599
0.3331587016582489
1.2998763322830200
0.0038744583725929
-0.9459559917449951
0.0768865719437599
0.1297911554574966
-1.0118517875671387
-1.4463002681732178
1.1179217100143433
-1.0189292430877686
-1.3645164966583252
0.6265493631362915
1.2261998653411865
0.5508141517639160
0.3775579929351807
0.5708271861076355
-0.4110916554927826
-0.0792830362915993
-0.2635038197040558
-0.7129106521606445
-0.5046439170837402
1.7883929014205933
-1.8731479644775391
0.1951659768819809
-0.1915908455848694
-1.5472894906997681
-0.5755940079689026
0.1297056078910828
-0.7547535896301270
0.5634822845458984
-1.8721859455108643
-1.0322837829589844
1.4158581495285034
2.0286338329315186
-0.8738700151443481
2.4405922889709473
-0.9354067444801331
-1.6482574939727783
1.9810031652450562
-1.1848669052124023
0.0868113934993744
0.5906999111175537
-2.3486917018890381
0.5299465656280518
0.6594502329826355
-0.4756267666816711
-1.3285902738571167
0.2791684865951538
0.5002233982086182
1.9461394548416138
-0.9728237390518188
1.0160076618194580
-2.6620817184448242
-0.2882670164108276
-0.6084190011024475
-0.8803669214248657
-0.5613778829574585
0.4853583574295044
-1.8135057687759399
0.9404171109199524
0.2287713438272476
1.4916998147964478
-0.0636070892214775
2.0081596374511719
0.1311565637588501
-0.1020277738571167
-0.4034355878829956
-2.4501397609710693
0.9627667665481567
0.0699264258146286
-1.2915382385253906
-1.6727321147918701
0.3205571472644806
-1.3780540227890015
-0.4186849594116211
0.5646553635597229
1.5743849277496338
0.6090306043624878
0.6168676018714905
-0.2336205691099167
-0.8228030204772949
-0.1274330317974091
0.9077445268630981
-2.5419030189514160
-0.4474858045578003
1.7225885391235352
-0.6659250259399414
0.5920690298080444
0.4105615019798279
-1.5472894906997681
-0.6192770600318909
0.6297159790992737
-0.7547535896301270
0.6503907442092896
-2.9581744670867920
0.2098384499549866
1.4158581495285034
2.6801350116729736
-0.6439620256423950
2.6645698547363281
-1.6237181425094604
-1.5117990970611572
1.7797636985778809
-2.6189312934875488
0.7157209515571594
0.8202323317527771
-2.3486917018890381
0.7053332924842834
-0.6982833743095398
-1.5682463645935059
-0.2608387768268585
0.0188936069607735
0.5513363480567932
2.3278229236602783
-0.6693800091743469
0.4613488018512726
-2.7343795299530029
0.1717186719179153
0.3320633172988892
-0.5694124698638916
-1.4361251592636108
1.8214811086654663
-1.3106906414031982
0.2844775617122650
0.3369624018669128
1.8645521402359009
-1.0951492786407471
1.0833206176757812
-0.5099805593490601
-0.5137758851051331
-0.3478933274745941
-2.7279825210571289
0.4644591510295868
0.3892046809196472
-1.8254853487014771
-2.0210883617401123
0.8550542593002319
0.9762073755264282
-2.1625616550445557
-0.5906995534896851
0.4786266386508942
0.8515994548797607
0.3201236724853516
-0.5814898014068604
-1.0496643781661987
-0.8207919597625732
-0.2635038197040558
-2.7959296703338623
-0.1045377850532532
0.6791175603866577
0.0769813731312752
-0.2711952328681946
0.5799168348312378
0.1440166234970093
-2.0520834922790527
0.4488611221313477
-0.0528033040463924
-0.4359637498855591
-2.3548474311828613
-1.2241562604904175
0.4874022901058197
2.4836506843566895
0.4002034068107605
2.4304118156433105
-1.3314216136932373
-1.9532818794250488
2.4673316478729248
-2.8157639503479004
1.9415615797042847
1.1196219921112061
-1.6554312705993652
0.0553707145154476
-1.8850430250167847
-1.1831426620483398
0.6049056053161621
0.6069219112396240
0.3264394402503967
1.8007360696792603
-0.4943163692951202
0.0915761739015579
-2.2011833190917969
0.6212500929832458
1.2316551208496094
0.1788216084241867
-0.9885799884796143
2.0485348701477051
-1.3421167135238647
1.3455562591552734
0.0773038119077682
1.4916998147964478
-1.2722824811935425
1.0598077774047852
0.7108148336410522
0.2999168336391449
0.3556422591209412
-2.6704976558685303
-0.0449219793081284
1.5765209197998047
-0.5711336135864258
-1.9601262807846069
-0.1613664925098419
0.4973745644092560
-0.8817483782768250
-1.7666858434677124
-0.0743729770183563
-0.1089729815721512
-0.2925089895725250
0.6577945351600647
-2.3352119922637939
0.7777856588363647
0.5042052268981934
-2.5012588500976562
0.5242004394531250
1.0833449363708496
-0.5034142136573792
-0.5192596912384033
1.1068000793457031
0.4629486203193665
-2.1743962764739990
-0.1256187856197357
-0.0416612625122070
-0.7227612733840942
-2.0949528217315674
-1.1534663438796997
0.0669693872332573
1.4184975624084473
0.1702954769134521
1.8806496858596802
-0.4922475218772888
-1.3512597084045410
2.3750970363616943
-2.3846070766448975
1.5045226812362671
0.0018996093422174
-1.4840635061264038
0.8600863218307495
-1.3218350410461426
-0.9144657254219055
0.1335559189319611
0.5972820520401001
0.8580138683319092
1.9734025001525879
-0.5526708960533142
0.3411726951599121
-2.3186671733856201
1.0603272914886475
1.2009871006011963
0.3828854858875275
-0.9275510907173157
2.0921986103057861
-1.2164129018783569
1.9339724779129028
0.4343343973159790
1.1384710073471069
-1.1993453502655029
2.0081596374511719
1.1060363054275513
0.2214885652065277
-1.1069710254669189
-2.7184016704559326
0.6305616497993469
0.1198136657476425
-1.8509111404418945
-2.4042806625366211
-0.1964155137538910
0.4674474895000458
-1.3842213153839111
-0.9930106401443481
0.2533304691314697
0.4731921851634979
-0.0627717524766922
0.9295674562454224
-1.6714326143264771
0.5081461071968079
-1.1493219137191772
-2.7654464244842529
0.1240942925214767
0.9517361521720886
0.0769813731312752
-1.7496592998504639
1.1632519960403442
-0.8707669377326965
-2.6811201572418213
-0.9235075116157532
-0.7547535896301270
-1.1225398778915405
-1.1296296119689941
-1.5675071477890015
0.6363055706024170
1.2426958084106445
1.1090863943099976
1.8908305168151855
-1.6237181425094604
-1.1505857706069946
2.3080170154571533
-1.6066505908966064
0.8542941808700562
0.9998663067817688
-1.2425907850265503
1.1283247470855713
-1.2313195466995239
-1.8010995388031006
0.0469814687967300
0.2888081967830658
0.8580138683319092
1.4372282028198242
-0.0624926201999187
1.0160076618194580
-2.0746622085571289
1.0603272914886475
0.0253842882812023
-1.6966223716735840
-1.7412694692611694
0.7473432421684265
-0.5040915012359619
1.0465250015258789
-0.5177472829818726
0.4810736477375031
-1.0222119092941284
0.7149525880813599
-0.3431092798709869
1.4959468841552734
-0.9310872554779053
-1.5112224817276001
0.5198266506195068
0.8681220412254333
-1.4101930856704712
-2.0733420848846436
0.6184735894203186
0.2080796957015991
-1.3743687868118286
0.6265493631362915
0.0894787386059761
-0.1671894937753677
-0.2063575685024261
2.1036264896392822
-0.8648144006729126
1.4133647680282593
-1.1690068244934082
-2.6943187713623047
0.1336206197738647
2.0234091281890869
-0.4105509221553802
-1.5611302852630615
0.4858305156230927
-1.3250035047531128
-1.8336678743362427
0.2786448597908020
1.7299274206161499
0.1202497780323029
-0.5912764072418213
-1.8199710845947266
1.4158581495285034
0.6842661499977112
1.5018459558486938
1.8908305168151855
-0.5111052989959717
-1.3753407001495361
2.7943456172943115
-1.7191262245178223
0.0441734232008457
1.6784832477569580
-1.8891144990921021
0.8910369277000427
-0.6178250908851624
-0.7890831828117371
1.1243523359298706
1.0214335918426514
0.6433396339416504
1.8098238706588745
-0.2608981430530548
1.0160076618194580
-1.5595403909683228
-0.1209995076060295
0.1071653664112091
-0.6763031482696533
-1.8124698400497437
0.1098466962575912
0.2501311004161835
0.8632476925849915
1.1375765800476074
0.2652117908000946
-2.7206096649169922
0.0095667019486427
0.1311565637588501
1.6920174360275269
-0.9588584899902344
-0.4190126359462738
-0.9972431063652039
2.0454607009887695
-0.0202359408140182
-1.7946568727493286
0.6009490489959717
-0.6897318363189697
0.2611313462257385
-0.2502824664115906
-0.8117057085037231
-0.9628152251243591
-0.3882328569889069
2.1036264896392822
-1.1420893669128418
1.4133647680282593
-1.1690068244934082
-1.0075817108154297
1.3053600788116455
1.8165949583053589
0.8314956426620483
-0.1422016918659210
0.3258838057518005
0.5016071200370789
-1.7550381422042847
1.0446181297302246
2.0864737033843994
-0.7749063968658447
-0.5912764072418213
-1.6381971836090088
1.2932320833206177
1.1186003684997559
1.5018459558486938
1.0865489244461060
0.7806569933891296
-1.8890663385391235
2.5511813163757324
-0.7443373799324036
0.0441734232008457
1.4289916753768921
-2.3486917018890381
-1.5024762153625488
-0.0043306462466717
0.4110072255134583
1.1243523359298706
-0.0871442779898643
0.8580138683319092
1.6553329229354858
-0.2959108650684357
0.5260590314865112
-2.7343795299530029
1.0603272914886475
1.3338813781738281
-0.4722391664981842
-1.8124698400497437
1.3324426412582397
-1.5097216367721558
1.7699878215789795
-0.0633446201682091
0.2652117908000946
-1.6265496015548706
0.8481919765472412
0.3331587016582489
1.6920174360275269
-1.1254851818084717
-1.6070303916931152
0.2651360929012299
1.5366109609603882
-1.7322561740875244
-2.8658533096313477
-0.1526042520999908
-0.7695372700691223
-1.8177274465560913
-0.8692225217819214
-0.8117057085037231
0.9389243125915527
0.1478207111358643
2.1036264896392822
-1.4949849843978882
1.4133647680282593
-0.9327886104583740
-0.9974206686019897
0.1240942925214767
1.3935660123825073
-1.2463206052780151
-1.2336852550506592
1.2855640649795532
-1.4989663362503052
-1.5453592538833618
-0.2958350777626038
0.5488682389259338
-0.1752386689186096
-1.3709603548049927
-1.7997739315032959
1.4158581495285034
1.2013306617736816
1.3102558851242065
1.6363111734390259
-0.1150905340909958
-1.0462350845336914
2.7943456172943115
-0.9130507707595825
0.0441734232008457
1.1795001029968262
-1.9436405897140503
1.1283247470855713
0.6594502329826355
0.4826543331146240
-0.0395929664373398
0.6936801671981812
0.8580138683319092
2.0370163917541504
-0.1792017668485641
0.2394852191209793
-2.2825181484222412
0.4853452742099762
1.0680929422378540
0.6063839197158813
-0.7648074030876160
2.0921986103057861
-1.4573451280593872
1.5867105722427368
0.1854949295520782
1.4524519443511963
-0.7408822178840637
1.5849282741546631
0.9655132293701172
0.1038462817668915
-1.2180556058883667
-2.8621139526367188
0.7523701786994934
0.6985055208206177
-1.5627492666244507
-2.7787637710571289
-0.1526042520999908
-0.0911908000707626
-1.4137785434722900
-1.1890083551406860
0.4683858454227448
1.0844655036926270
0.0138073302805424
0.4838599264621735
-1.8982939720153809
0.4503661990165710
-0.6670431494712830
-2.4301311969757080
0.3717790842056274
1.5063737630844116
-0.1435689628124237
-1.4222141504287720
1.1444345712661743
-0.9094251990318298
-2.3666017055511475
-0.9235075116157532
-0.4873439669609070
-0.6097804307937622
-1.8721859455108643
-2.0017449855804443
0.4874022901058197
1.5736169815063477
0.6684294939041138
1.9620959758758545
-1.6237181425094604
-0.9499116539955139
2.2409372329711914
-1.3348344564437866
0.3746174573898315
0.6505779027938843
-1.3983796834945679
1.1283247470855713
-0.8793145418167114
-1.5055551528930664
0.9896810054779053
0.8479170799255371
0.1219877451658249
1.9643146991729736
-0.7744181752204895
-0.0285999402403831
-2.1559970378875732
0.9557850956916809
1.7632319927215576
0.7229918241500854
-1.0190944671630859
2.0921986103057861
-1.3421167135238647
1.7024645805358887
0.3586007058620453
1.5113233327865601
-1.5015143156051636
1.4125005006790161
1.3431693315505981
0.3489343822002411
0.1057020202279091
-2.8621139526367188
-0.0449219793081284
1.6363855600357056
-0.7152144908905029
-2.2475202083587646
-0.3979472219944000
0.6769368648529053
-1.1083538532257080
-1.7151075601577759
-0.3611135184764862
-0.5067858099937439
-0.3403709232807159
0.4512471854686737
-2.2847986221313477
-0.1755829155445099
-0.4012977778911591
-2.4098091125488281
0.7242535352706909
1.0175405740737915
-0.4801984131336212
-1.4420593976974487
1.6619092226028442
-0.1942445635795593
-2.5500707626342773
-0.4128587245941162
-0.3424970805644989
-1.2355207204818726
-1.6030092239379883
-0.9413967728614807
0.1282824873924255
0.6739249229431152
0.4289419054985046
1.4937801361083984
0.0357722193002701
-1.1987475156784058
2.2744772434234619
-2.3471155166625977
1.4192469120025635
-0.1577750444412231
-1.7099573612213135
0.3545598685741425
-1.4726943969726562
-0.2606852054595947
0.2778466641902924
0.3273674547672272
-0.2562480568885803
1.2372986078262329
-0.3776072561740875
-0.3429066836833954
-1.9752526283264160
0.5480705499649048
1.3134360313415527
0.0913656949996948
-0.3172623813152313
1.3237099647521973
-0.9650053977966309
0.9307708740234375
0.0232082605361938
1.6585021018981934
-1.5015143156051636
0.5111743807792664
0.2628971040248871
0.4273626506328583
-0.2923510372638702
-2.2489433288574219
-0.0781424716114998
1.8858217000961304
-0.6050350069999695
-1.5769339799880981
0.0752141997218132
0.3277878761291504
-1.3152544498443604
-1.0549046993255615
0.0382750704884529
-0.3030280172824860
-0.6466872096061707
0.0164105407893658
-1.7806621789932251
0.3059163391590118
0.1695628017187119
-1.8814333677291870
0.6766217947006226
0.9611367583274841
-0.8980833292007446
-0.3902661800384521
1.2667467594146729
-0.0396108701825142
-2.1045031547546387
0.6935470700263977
0.1254697144031525
-0.6271620988845825
-1.8350579738616943
-0.1133152991533279
0.2158726751804352
0.7980203628540039
0.0553414560854435
1.3512492179870605
0.1489192545413971
-0.4281590580940247
2.2073972225189209
-1.9721964597702026
2.0055184364318848
-0.6268193125724792
-1.7800624370574951
-0.1819172501564026
-0.7686843872070312
-0.4487590193748474
0.4990924894809723
1.3202677965164185
-0.1744672805070877
0.9283167123794556
0.7544712424278259
-1.1656509637832642
-0.4298874139785767
-0.0060030948370695
1.9983526468276978
0.7812957763671875
0.3845696747303009
2.0921986103057861
-0.8707275390625000
1.6060028076171875
0.0448464974761009
0.9814807772636414
-1.8766205310821533
0.4484734535217285
1.3431693315505981
-0.3079018294811249
0.5130120515823364
-2.5842707157135010
0.3315771222114563
0.8581446409225464
0.0814682245254517
-1.1327793598175049
-0.7922482490539551
0.8265721201896667
-0.9113056063652039
-1.4365843534469604
0.4479044079780579
-0.7784629464149475
-1.2306029796600342
0.2120870500802994
-2.3772232532501221
-0.0118731725960970
0.3073567152023315
-1.6375678777694702
1.0576753616333008
-0.0165298581123352
-0.1783926784992218
-1.5908979177474976
1.5207798480987549
0.9171850681304932
-2.8034329414367676
-0.3703046143054962
-0.1085136532783508
-1.5657724142074585
-0.9811183810234070
-0.2042022794485092
-0.6600290536880493
0.5705120563507080
0.3810444772243500
0.4247982800006866
-0.0302302539348602
-0.0508918091654778
1.7378388643264771
-2.1127910614013672
2.4318981170654297
-0.6866973638534546
-1.2971168756484985
-0.1303329765796661
-1.9051575660705566
-1.3264371156692505
0.7010993957519531
1.5227036476135254
-1.5340713262557983
0.9464921355247498
0.6027494072914124
-0.5370373129844666
-1.4510935544967651
-1.5009565353393555
1.1600966453552246
0.7812957763671875
0.6795426011085510
1.9961376190185547
0.6796191334724426
2.3680500984191895
1.7650847434997559
1.9234235286712646
-0.6783645153045654
1.2008849382400513
1.7296080589294434
-0.2392771095037460
0.5222690701484680
-1.7794845104217529
1.3281923532485962
-0.0897126942873001
0.2848765254020691
-1.4985537528991699
-0.6958636045455933
0.6170827150344849
-0.5960284471511841
-0.9826949834823608
0.9497001767158508
0.5120032429695129
-1.4986295700073242
-0.0379440486431122
-2.1419596672058105
-0.2718827724456787
0.6813687682151794
-1.2108031511306763
0.1336206197738647
0.5475085973739624
0.3439633846282959
-0.7375563383102417
0.7116377353668213
0.5692592859268188
-1.9210340976715088
-0.4447742700576782
-0.2756446897983551
-1.5657724142074585
-1.1110656261444092
-1.1938606500625610
-0.5636798143386841
0.9117746353149414
0.2086133658885956
2.0231807231903076
-0.5582498908042908
-1.6000957489013672
1.6791440248489380
-1.4566830396652222
2.6131088733673096
-0.1777344048023224
-0.4402782320976257
0.3442429304122925
-1.4827516078948975
-0.4308472275733948
0.5568088293075562
1.5227036476135254
-1.7487456798553467
0.1467743515968323
0.3109765648841858
0.0083773508667946
-2.4542255401611328
-1.6054987907409668
0.2298370003700256
0.4120374619960785
-0.3376052975654602
0.7822744846343994
0.7215202450752258
2.2715883255004883
1.3755968809127808
2.4140188694000244
-0.0636070892214775
1.5927659273147583
1.7296080589294434
-0.8078816533088684
-0.0331537015736103
-1.6261918544769287
1.8264999389648438
-0.4987879693508148
0.2255490571260452
-2.7526373863220215
-0.0737439915537834
0.5871556997299194
0.3498030602931976
-2.0039460659027100
0.5298301577568054
1.0165462493896484
-1.1061619520187378
0.8752129673957825
-2.0831439495086670
-0.8207919597625732
1.3408111333847046
-1.3022525310516357
-1.1238558292388916
0.3030919134616852
-0.3641192913055420
0.4928433001041412
0.0059903562068939
0.3179795444011688
-0.5755940079689026
0.6084389090538025
0.6937150955200195
-1.0964672565460205
-1.9185956716537476
-1.4362260103225708
-0.1520060896873474
1.1186003684997559
-0.9409264922142029
2.7867391109466553
-0.9731224775314331
-2.0977673530578613
2.2996320724487305
-1.8409748077392578
2.7623417377471924
-0.0978970676660538
-0.3623838126659393
1.1283247470855713
-1.4525798559188843
0.3751835823059082
0.4798536598682404
1.0310733318328857
-1.7385231256484985
0.3194407522678375
0.6844456195831299
-0.8790769577026367
-0.9901952743530273
-1.6054987907409668
1.0067571401596069
0.7812957763671875
0.6388567686080933
1.7341529130935669
0.5434400439262390
2.3680500984191895
1.7001702785491943
1.6585021018981934
-0.9492745399475098
0.9265681505203247
1.7296080589294434
0.0058110095560551
0.6981529593467712
-1.7507421970367432
1.4832214117050171
0.1697009056806564
0.2848765254020691
-1.7598212957382202
-0.9061576128005981
0.7268152832984924
-0.6157332062721252
-1.3231121301651001
0.6117560863494873
0.6187334060668945
-1.7762289047241211
0.0816360190510750
-2.1419596672058105
-0.0792830362915993
0.7404233217239380
-0.7433938384056091
0.4384634196758270
0.4158996045589447
0.1698446869850159
-0.8467046022415161
0.5799168348312378
0.1343520432710648
-1.8161945343017578
-0.7426527142524719
0.4597317874431610
-1.2876657247543335
-1.2224490642547607
-1.3049447536468506
-0.3797405362129211
0.9738222956657410
0.3427264392375946
1.8093842267990112
-0.7279705405235291
-1.1265047788619995
1.7881487607955933
-1.7191262245178223
2.1227726936340332
-0.1677546948194504
-0.3623838126659393
0.2307574152946472
-1.6336109638214111
-0.4398031830787659
0.5375699996948242
1.1853104829788208
-0.3175835609436035
1.4463157653808594
0.3109765648841858
-1.0732077360153198
-0.4298874139785767
-0.2255417108535767
1.9983526468276978
0.7812957763671875
0.7812574505805969
2.0921986103057861
-1.2268882989883423
1.1044019460678101
0.6182592511177063
0.9226093888282776
-1.9287185668945312
0.6209009885787964
1.3958655595779419
-0.2980982661247253
0.6148395538330078
-2.8621139526367188
0.3537241518497467
1.0876258611679077
-0.0795634016394615
-1.1066526174545288
-1.0113044977188110
0.3876420259475708
-1.1477634906768799
-1.6738446950912476
0.9804223775863647
-0.6426243782043457
-1.1444513797760010
0.0272814314812422
-2.5536711215972900
-0.0022432096302509
0.1892476677894592
-1.6782120466232300
1.2863073348999023
-0.0071291811764240
-0.3525113761425018
-1.7496592998504639
1.6054575443267822
0.8881912827491760
-2.8034329414367676
-0.2426424920558929
-0.7547535896301270
-1.5657724142074585
-1.0089643001556396
-0.4364690482616425
-0.8176914453506470
0.4567578732967377
-0.2128845751285553
0.8422101736068726
-0.1999508142471313
-0.0508918091654778
1.5701394081115723
-2.2065207958221436
1.9522211551666260
-0.8463720083236694
-1.0166970491409302
-0.3573040366172791
-1.5129234790802002
-1.3533047437667847
0.4509955048561096
0.1345712691545486
-0.2255802303552628
1.4099650382995605
-0.3892781436443329
-0.5832588076591492
-1.8487313985824585
0.6735212206840515
1.4361077547073364
0.3828854858875275
-0.3376052975654602
1.1403206586837769
-1.2583141326904297
1.4130793809890747
-0.1498975008726120
1.6879379749298096
-2.1266915798187256
0.5738753080368042
0.0696776881814003
0.6822541952133179
0.6611247658729553
-2.3160088062286377
-0.1999510079622269
1.7860471010208130
-0.2829717993736267
-1.6640230417251587
0.0138784460723400
0.3377635776996613
-0.8521910905838013
-1.2096396684646606
-0.0436507910490036
-0.6523271203041077
-0.7041216492652893
0.3425379991531372
-2.5452690124511719
0.1036866903305054
0.3565688133239746
-2.3691649436950684
0.9909908771514893
0.8765310645103455
-0.7936120629310608
-0.9260853528976440
1.2761554718017578
0.3759672045707703
-2.0433466434478760
0.6509929299354553
0.6380048990249634
-0.8791964054107666
-1.8907496929168701
-0.2445964962244034
-0.3096683621406555
1.1806480884552002
-0.1937255710363388
1.4632376432418823
0.1206324920058250
-0.1632692217826843
1.8133035898208618
-2.4220991134643555
1.7816693782806396
-0.8463720083236694
-1.5775368213653564
0.0553707145154476
-0.6580542325973511
-0.3323323726654053
0.1624140590429306
-0.1064239144325256
0.0810973644256592
1.3463510274887085
-0.3075817525386810
-0.2134862244129181
-2.3457789421081543
0.9244224429130554
1.1396514177322388
0.1885389834642410
-0.3477768301963806
0.7822744846343994
-1.2059376239776611
1.0561710596084595
-0.0958019420504570
2.1196615695953369
-1.6473888158798218
0.5190119743347168
-0.3255438506603241
-0.0137959942221642
-0.1072100773453712
-2.2393624782562256
-0.2996124923229218
1.6663177013397217
-0.6474117636680603
-1.6640230417251587
0.1803611516952515
-0.2907045185565948
-1.4433357715606689
-1.4675312042236328
-0.6171317696571350
0.1141902878880501
-0.7041216492652893
0.0164105407893658
-1.5622030496597290
-0.4259625375270844
0.6715263724327087
-2.1049771308898926
0.4194107651710510
0.8859316110610962
-1.1302416324615479
-0.8070144653320312
0.4387873709201813
-0.0589400455355644
-2.2006058692932129
0.8105707168579102
0.4263056218624115
-0.6706162691116333
-1.9093136787414551
-0.8707069158554077
0.2509087622165680
1.2220132350921631
0.1128184944391251
1.8704689741134644
0.0923457369208336
-0.7572645545005798
1.9977730512619019
-1.8409748077392578
1.3446304798126221
-0.3074700534343719
-1.8190096616744995
-0.3263534307479858
-0.9195436835289001
-0.3950236439704895
0.0469814687967300
-0.8872484564781189
-0.2562480568885803
0.9828428626060486
-0.2258854061365128
0.0823318809270859
-2.4090394973754883
0.1612644344568253
1.6405603885650635
-0.9581055641174316
-0.7851504087448120
0.4591599106788635
-1.1430857181549072
0.9114785790443420
-0.5177472829818726
2.0313544273376465
-2.3767621517181396
0.4171229600906372
-0.5099805593490601
0.6332366466522217
-0.5145201086997986
-1.6740959882736206
0.0547395497560501
2.0454607009887695
-0.7491158843040466
-1.9601262807846069
0.6184735894203186
-0.0612637586891651
-1.7586131095886230
-0.9517479538917542
-0.6683354377746582
-0.1186757087707520
-0.7232663631439209
-0.4510388374328613
-1.5790076255798340
-0.0118731725960970
-0.1946068555116653
-2.0948159694671631
0.3146210312843323
1.4405692815780640
-0.6891408562660217
-1.0253112316131592
1.0033051967620850
-0.2135737240314484
-1.8511412143707275
1.1935572624206543
0.6045786738395691
-0.0535669699311256
-2.4105391502380371
-0.0830196440219879
0.4698842167854309
1.2944023609161377
0.6109525561332703
1.7686611413955688
0.2997820377349854
-0.3719702959060669
2.0983927249908447
-1.5504127740859985
1.3979278802871704
0.0218589585274458
-1.3516430854797363
-0.5636412501335144
-0.9396582841873169
0.1423301696777344
-1.0207700729370117
-0.9354473948478699
0.1731006205081940
1.5735435485839844
-0.7744181752204895
-0.6294804811477661
-1.5866520404815674
0.0149053307250142
0.6694102287292480
-0.7734763622283936
-0.9377226233482361
0.3718315958976746
-1.3002154827117920
-0.0434923209249973
0.5100681185722351
1.6879379749298096
-2.4392800331115723
0.0174043551087379
-0.5099805593490601
0.6822541952133179
-0.6533759236335754
-1.6357728242874146
0.4312386214733124
1.4168816804885864
-0.7152144908905029
-1.3679201602935791
0.8638164997100830
0.3876420259475708
-2.1625616550445557
-0.1058631166815758
-0.5044837594032288
0.1918123662471771
-0.8859968185424805
-0.6684572100639343
-0.7303780317306519
-0.2333628386259079
-0.5095643997192383
-1.3733799457550049
0.5051478147506714
1.0175405740737915
0.3207475543022156
0.0463272854685783
0.1283025592565536
-0.2715613245964050
-1.9734539985656738
0.1616211682558060
0.6602889299392700
0.4157381653785706
-2.0206971168518066
-0.5071589350700378
0.1370415240526199
1.7287364006042480
1.0707683563232422
1.7584803104400635
0.1394903659820557
-0.5485634803771973
1.4108247756958008
-0.7912021279335022
0.6517640352249146
0.0118792522698641
-1.5230107307434082
-1.5024762153625488
-0.5071949362754822
-0.3771118521690369
-1.2804934978485107
-0.9354473948478699
-0.0109058916568756
1.6916836500167847
-0.8211019039154053
-0.8143668174743652
-1.2161259651184082
-0.4241718947887421
0.1071653664112091
-0.7831937074661255
-0.6630926728248596
1.1490534543991089
-1.4049685001373291
-0.0049076117575169
1.2349485158920288
1.6094425916671753
-2.0329146385192871
0.2760458290576935
-0.2991957664489746
0.7606825232505798
-0.7181752920150757
-1.3483489751815796
0.3980181217193604
1.3171073198318481
-0.5457075238227844
-0.9586011767387390
0.6535226106643677
0.3477392494678497
-2.0049233436584473
0.5543396472930908
0.0792380347847939
0.6478416919708252
-0.6371149420738220
-0.6684572100639343
-0.8816188573837280
-0.3681826591491699
-0.1946068555116653
-1.6274067163467407
0.4384634196758270
0.2560887336730957
0.2278842628002167
0.2050885260105133
-0.1539563536643982
0.1246874555945396
-2.1831326484680176
-0.1788114011287689
0.1700380146503448
0.1637040227651596
-1.5473175048828125
-0.7192286252975464
-0.4235356152057648
1.3564500808715820
0.6492704749107361
1.1883567571640015
0.7806569933891296
-0.6127792000770569
0.6897169351577759
-1.4754291772842407
0.6091260910034180
-0.8463720083236694
-1.9280618429183960
-1.5024762153625488
-0.1451326310634613
-1.2279222011566162
-1.2708740234375000
-0.9354473948478699
0.2344361841678619
1.6280698776245117
-0.4709745347499847
-0.5832588076591492
-1.4962798357009888
-0.1523621827363968
0.4649575650691986
-0.9192361831665039
-1.3038958311080933
0.1622437089681625
-1.6459007263183594
0.3037698566913605
1.0402046442031860
1.5701948404312134
-2.3350839614868164
0.1349686086177826
-0.5099805593490601
0.9077353477478027
-0.7459462285041809
-1.7890653610229492
0.5309001207351685
1.5565658807754517
-0.9779503345489502
-1.2808309793472290
0.3818928897380829
-0.0213610194623470
-2.0246279239654541
-0.1780727803707123
-0.4840022623538971
-0.3612445592880249
-0.7807006835937500
-0.5706189870834351
-1.1672962903976440
-0.0215031355619431
-0.3717704713344574
-1.7290174961090088
0.5242004394531250
0.6509156227111816
0.5064740777015686
-0.0032856166362762
0.3823355734348297
0.2116688787937164
-2.0870296955108643
0.5552462935447693
0.7159993648529053
0.3896656632423401
-1.8350579738616943
-0.4970603883266449
0.0319333523511887
1.0565526485443115
0.6780089139938354
1.4428763389587402
0.6203654408454895
-0.6127792000770569
1.2347403764724731
-0.9036778211593628
1.0248459577560425
-0.5070633292198181
-1.9046934843063354
-1.5024762153625488
-0.4569084942340851
-0.1800821423530579
-0.1935030817985535
-0.9354473948478699
0.2242135554552078
1.3827017545700073
0.0308746732771397
-0.0655771791934967
-2.4090394973754883
0.6317042708396912
1.3441040515899658
-1.2399079799652100
-0.6936070919036865
0.2321063429117203
-0.9545300602912903
0.5449241399765015
-0.5718427300453186
1.7075614929199219
-2.2829856872558594
0.5190119743347168
-0.5099805593490601
0.8391107320785522
-0.0979530513286591
-2.2585239410400391
-0.0781424716114998
2.0454607009887695
-1.0118517875671387
-1.8120746612548828
0.9339145421981812
0.2280310839414597
-1.7881702184677124
-0.9826949834823608
-0.4532800614833832
-0.1283785104751587
-0.4169500470161438
0.0272814314812422
-1.5538008213043213
0.3348062932491302
-0.3127159476280212
-2.3590035438537598
0.2098313719034195
1.6003803014755249
-0.5150221586227417
-0.7474789619445801
1.1914777755737305
-0.5518348813056946
-1.7200918197631836
1.1510031223297119
0.8608462810516357
0.4418107569217682
-2.4755127429962158
-0.2950893044471741
0.4786432683467865
1.3771326541900635
0.3523059785366058
1.5752264261245728
0.1112035959959030
-0.4602669477462769
2.3667118549346924
-1.6722614765167236
1.4938633441925049
0.0118792522698641
-1.6476417779922485
-0.2335015237331390
-1.0905175209045410
0.1244184225797653
-0.2415999919176102
0.1731305420398712
-0.0824640244245529
1.2372986078262329
-0.4359617829322815
-0.3336623311042786
-2.3096299171447754
0.4853452742099762
1.1192061901092529
0.2565602064132690
-0.5613778829574585
1.0005952119827271
-1.2583141326904297
1.1236943006515503
-0.5285664200782776
2.0902256965637207
-1.9599773883819580
0.1663191169500351
-0.3079784512519836
0.4763802289962769
0.2075295150279999
-1.9902617931365967
-0.3992740511894226
1.6862727403640747
-0.8423447608947754
-1.7424033880233765
0.6447603106498718
-0.1610206067562103
-1.6699413061141968
-1.1271144151687622
-0.4020764231681824
0.4828948378562927
-0.4552395939826965
0.1033778712153435
-1.8478803634643555
-0.3007726967334747
0.1203507035970688
-2.0338494777679443
0.4575160741806030
0.5381079316139221
-1.1766732931137085
-0.1422016918659210
0.2317974865436554
0.1343520432710648
-1.7026184797286987
0.1297056078910828
0.3594532012939453
-0.5837079286575317
-2.1135165691375732
-0.6889329552650452
0.1545595377683640
1.5012280941009521
0.1032389551401138
2.4202311038970947
-0.2565243244171143
-1.1826933622360229
2.2241675853729248
-2.0940451622009277
1.5897986888885498
-0.2176530361175537
-1.4840635061264038
0.1894899904727936
-0.6781688332557678
-0.0009642019867897
