0.0198358707129955
-0.0128349745646119
0.0221695005893707
-0.0338376611471176
0.0186690539121628
0.0140017904341221
0.0058340793475509
0.0023336336016655
-0.0245031341910362
-0.0140017904341221
0.0163354221731424
-0.0035004476085305
0.0151686053723097
0.0256699472665787
0.0046672634780407
0.0023336317390203
-0.0571739785373211
0.0058340793475509
0.0105013437569141
0.0081677110865712
-0.0233363173902035
0.0350044779479504
-0.0035004476085305
0.0210026856511831
0.0011668149381876
-0.0058340793475509
-0.0035004485398531
0.0175022371113300
0.0116681586951017
-0.0105013437569141
0.0046672634780407
0.0151686063036323
-0.0338376611471176
0.0210026875138283
0.0035004476085305
-0.0023336317390203
-0.0175022371113300
0.0256699509918690
0.0198358707129955
-0.0221695005893707
-0.0105013428255916
0.0046672644093633
-0.0116681605577469
0.0116681577637792
0.0070008933544159
0.0151686063036323
-0.0035004476085305
0.0490062646567822
0.0350044779479504
0.0023336317390203
0.0000000000000000
-0.0233363173902035
-0.0128349736332893
-0.0023336317390203
0.0245031341910362
0.0175022371113300
-0.0163354221731424
0.0513398982584476
0.0140017904341221
0.0326708443462849
0.0280035808682442
-0.0198358707129955
0.0116681586951017
0.0046672644093633
0.0151686053723097
0.0688421279191971
-0.1225156635046005
0.1330170035362244
-0.0046672634780407
-0.1388510912656784
-0.2496985942125320
0.0280035771429539
0.0956788957118988
-0.0723425820469856
0.0280035808682442
0.0595076084136963
-0.0886780098080635
0.1691882908344269
0.0443390011787415
0.1936914324760437
-0.1866905391216278
-0.0618412382900715
0.0501730740070343
0.1715219318866730
-0.0781766623258591
-0.2111936807632446
-0.0338376611471176
0.0921784564852715
0.0280035808682442
-0.1773560047149658
-0.0688421353697777
0.0140017904341221
-0.1505192518234253
-0.1936914324760437
0.0968457162380219
0.0851775631308556
-0.1586869657039642
0.0408385545015335
-0.1400178968906403
0.0770098417997360
0.0163354221731424
-0.1785228252410889
-0.0420053713023663
0.0373381115496159
-0.0513398982584476
-0.1971918791532516
0.0000000000000000
-0.1318501979112625
-0.1598537713289261
0.0606744214892387
0.0956788957118988
0.1050134301185608
-0.1575201451778412
-0.0560071580111980
0.1015129759907722
0.1330170035362244
0.1236824765801430
0.1796896457672119
-0.1085138767957687
-0.0910116434097290
0.1330170035362244
-0.1493524312973022
0.1446851640939713
0.0548403412103653
-0.2298627197742462
-0.1586869657039642
0.0093345269560814
0.0035004476085305
-0.0023336336016655
0.0326708406209946
-0.0863443762063980
0.1353506445884705
-0.0151686072349548
-0.0956789031624794
-0.2473649680614471
-0.0116681605577469
0.1248492971062660
-0.1201820373535156
0.0093345269560814
0.0396717377007008
-0.0723425820469856
0.0548403412103653
-0.0011668205261230
0.1866905391216278
-0.1843568980693817
-0.0443390049040318
-0.0011668205261230
0.1260161101818085
-0.0268367677927017
-0.1960250735282898
-0.0560071617364883
0.0991793498396873
-0.0011668168008327
-0.0991793423891068
-0.0338376611471176
-0.0175022371113300
-0.1633542180061340
-0.1306833773851395
0.1003461629152298
0.1493524312973022
-0.1096806898713112
0.0746762081980705
-0.0455058217048645
0.0361712872982025
-0.0140017895027995
-0.2345299869775772
-0.0805102959275246
0.0385049283504486
-0.1026797965168953
-0.1341838240623474
-0.0431721881031990
-0.0886780023574829
-0.1866905391216278
0.1131811365485191
0.1271829307079315
0.1236824840307236
-0.2648671865463257
0.0221695080399513
0.1458519846200943
0.1166815832257271
0.1388510763645172
0.1190152168273926
-0.1026797965168953
-0.0606744252145290
0.2170277535915375
-0.2590331137180328
0.1586869508028030
0.1376842707395554
-0.1878573596477509
-0.1785228252410889
-0.0233363173902035
0.0128349745646119
-0.0676753222942352
-0.0011668205261230
-0.0011668205261230
0.1563533246517181
-0.0268367640674114
-0.0350044742226601
-0.2753685414791107
0.0455058179795742
0.0431721843779087
-0.1610205918550491
0.0093345269560814
0.0968457162380219
-0.1050134301185608
0.0793434754014015
0.0128349661827087
0.1785228252410889
-0.1575201451778412
-0.0595076121389866
-0.0011668205261230
0.0525067076086998
-0.1551865041255951
-0.2380304336547852
0.0291703976690769
0.1026797965168953
-0.0735093951225281
-0.1540196835994720
-0.0490062683820724
0.0816771164536476
-0.1925246119499207
-0.0991793572902679
0.1656878441572189
0.1960250735282898
-0.0781766623258591
0.0198358595371246
0.0175022333860397
0.0023336261510849
-0.0863443762063980
-0.2240286469459534
-0.0676753222942352
0.0723425894975662
-0.0618412420153618
-0.1388510912656784
-0.0128349736332893
-0.0805102959275246
-0.2718681097030640
0.0431721843779087
0.0455058142542839
0.1376842707395554
-0.1458519846200943
-0.0933452695608139
0.1866905391216278
0.1248492971062660
0.1166815832257271
0.1318501830101013
-0.1528528779745102
-0.0513398982584476
0.2531990408897400
-0.2438645064830780
0.1761891841888428
0.2158609330654144
-0.2555326819419861
-0.2135273069143295
-0.1155147701501846
0.0303372144699097
-0.0361712910234928
0.0338376536965370
-0.0396717414259911
0.1143479496240616
-0.0688421428203583
-0.0805102959275246
-0.2648671865463257
0.0338376574218273
0.0700089484453201
-0.0770098492503166
-0.0653416886925697
0.1925246119499207
-0.0653416886925697
0.1330170035362244
0.0863443687558174
0.2088600397109985
-0.2777021825313568
0.0035004476085305
0.0723425820469856
0.1143479496240616
-0.2520322203636169
-0.2987048625946045
-0.0163354221731424
0.0140017904341221
-0.0583407916128635
-0.1855237185955048
-0.0875111892819405
0.0361712910234928
-0.1925246119499207
-0.0711757689714432
0.1050134226679802
0.1785228252410889
-0.0221695005893707
-0.0011668205261230
-0.0350044816732407
0.0630080550909042
-0.0758430361747742
-0.2275290936231613
-0.0525067150592804
0.1516860723495483
0.0081677110865712
-0.1936914324760437
0.0980125293135643
-0.1773560047149658
-0.2940375804901123
-0.0221695043146610
-0.0011668205261230
0.0980125367641449
-0.2356968075037003
-0.1563533246517181
0.1843568980693817
0.0315040275454521
0.2637003660202026
0.1680214852094650
-0.0711757689714432
-0.1435183584690094
0.2613667547702789
-0.1831900924444199
0.1960250586271286
0.2135272920131683
-0.1995255053043365
-0.0805102959275246
-0.1691882908344269
0.0291703976690769
-0.0501730851829052
-0.0011668205261230
-0.0350044742226601
0.1400178968906403
-0.0175022371113300
-0.0478394478559494
-0.2917039692401886
0.0606744252145290
0.0723425820469856
-0.1738555729389191
-0.0151686053723097
0.0956788957118988
-0.1015129834413528
0.0396717339754105
0.0700089484453201
0.1983586847782135
-0.1820232719182968
-0.0665085017681122
-0.0011668205261230
0.1225156635046005
-0.1073470562696457
-0.2158609330654144
-0.0140017922967672
0.0618412420153618
-0.0840107500553131
-0.1306833624839783
-0.1295165568590164
0.0116681586951017
-0.1925246119499207
-0.1073470637202263
0.1260161101818085
0.1656878590583801
-0.0770098492503166
0.0315040200948715
0.0431721806526184
0.0338376611471176
-0.0816771090030670
-0.2578663229942322
-0.0793434754014015
0.0688421428203583
-0.0560071617364883
-0.1516860574483871
0.0350044742226601
-0.1026797965168953
-0.2356967926025391
0.0420053675770760
0.0175022333860397
0.1493524312973022
-0.1936914324760437
-0.0350044742226601
0.2298627197742462
0.0746762156486511
0.1726887524127960
0.1551865041255951
-0.1283497512340546
-0.0653416886925697
0.1983586847782135
-0.2718681097030640
0.1586869508028030
0.1936914324760437
-0.1621874123811722
-0.1493524312973022
-0.0256699491292238
0.0466726347804070
-0.0198358707129955
0.0688421279191971
-0.0863443762063980
0.1750223785638809
0.0116681586951017
-0.1178484037518501
-0.2263622879981995
0.0910116434097290
0.0770098417997360
-0.1353506445884705
-0.0175022389739752
0.0735093951225281
-0.0793434828519821
0.1061802357435226
0.0280035734176636
0.1656878441572189
-0.2041927725076675
-0.1015129834413528
-0.0011668205261230
0.1551865041255951
-0.0770098492503166
-0.1890241801738739
-0.0688421353697777
0.1283497512340546
0.0070008942857385
-0.1505192369222641
-0.0688421353697777
-0.0198358707129955
-0.1190152168273926
-0.1563533246517181
0.0980125293135643
0.1388510912656784
-0.1435183584690094
0.0676753148436546
-0.0420053750276566
0.0408385545015335
0.0175022371113300
-0.2135273069143295
-0.0583407916128635
0.0396717414259911
-0.0665085017681122
-0.1190152168273926
-0.0186690539121628
-0.0968457162380219
-0.2018591463565826
0.1050134226679802
0.1166815832257271
0.0945120826363564
-0.1645210385322571
0.0396717488765717
0.1820232719182968
0.1505192518234253
0.0898448154330254
0.1540196835994720
-0.0840107426047325
-0.0291703976690769
0.1936914324760437
-0.2345299869775772
0.1586869508028030
0.1353506296873093
-0.2321963608264923
-0.1656878590583801
0.0011668149381876
0.0268367640674114
0.0828439295291901
0.0980125293135643
-0.0921784490346909
0.1131811365485191
-0.0011668158695102
-0.1481856107711792
-0.2333631813526154
0.0746762156486511
0.1190152168273926
-0.0443390011787415
-0.0023336317390203
0.0945120826363564
-0.0420053713023663
0.1353506296873093
0.0046672523021698
0.1936914324760437
-0.1750223785638809
-0.0886780023574829
0.0093345195055008
0.1423515379428864
-0.0933452695608139
-0.2251954674720764
-0.0618412420153618
0.1143479570746422
0.0093345260247588
-0.1061802357435226
-0.0875111892819405
0.0245031341910362
-0.1085138767957687
-0.1855237185955048
0.0956788957118988
0.0851775631308556
-0.1318501979112625
0.0828439220786095
-0.1295165717601776
0.0630080550909042
-0.0303372144699097
-0.2181945741176605
-0.0875111892819405
0.0898448228836060
-0.0735094025731087
-0.1400178968906403
0.0198358707129955
-0.1260161101818085
-0.1633542180061340
0.0163354203104973
0.1050134226679802
-0.0105013474822044
-0.2006923258304596
-0.0256699472665787
0.0898448228836060
0.1260161101818085
0.0968457162380219
0.1388510763645172
-0.0513398945331573
-0.0758430361747742
0.2286958992481232
-0.1575201451778412
0.1516860574483871
0.0583407878875732
-0.2123604863882065
-0.1680214852094650
-0.0571739748120308
0.0560071617364883
0.0023336308076978
0.0886780023574829
-0.1516860574483871
0.1143479496240616
0.0140017904341221
-0.1318501979112625
-0.2765353620052338
-0.0630080550909042
0.0630080550909042
-0.1190152168273926
0.0058340793475509
0.0268367640674114
-0.0665085017681122
0.1598537713289261
0.1108475029468536
0.2146941125392914
-0.1680214852094650
-0.0688421428203583
0.1061802357435226
0.1190152168273926
-0.0945120900869370
-0.1411847174167633
-0.0128349754959345
0.1248492971062660
0.0490062646567822
-0.2345299720764160
-0.0910116359591484
0.0070008952170610
-0.1610205918550491
-0.1295165717601776
0.0466726273298264
0.1061802506446838
-0.1586869657039642
0.0735093951225281
-0.0875111967325211
0.0128349736332893
0.0501730814576149
-0.2170277535915375
-0.1423515379428864
0.0840107500553131
-0.0583407953381538
-0.1948582530021667
-0.0910116359591484
-0.1155147701501846
-0.1120143234729767
-0.0280035808682442
0.1260161101818085
0.1085138767957687
-0.1610205918550491
-0.0105013400316238
0.1458519846200943
0.0886780023574829
0.0968457162380219
0.2426976859569550
-0.0840107426047325
-0.0396717414259911
0.2356967926025391
-0.2333631813526154
0.1715219318866730
0.0653416812419891
-0.1411847174167633
-0.1248492971062660
-0.0746762156486511
0.0210026875138283
0.1050134301185608
0.1890241652727127
-0.2987048625946045
-0.0501730814576149
-0.0140017904341221
-0.1271829307079315
-0.2987048625946045
-0.0466726347804070
0.0700089484453201
-0.1260161101818085
0.0676753222942352
0.0186690520495176
-0.0385049246251583
0.1960250586271286
0.1470187902450562
0.2426976859569550
-0.2531990408897400
0.0735093951225281
0.2450313270092010
0.1796896457672119
0.0058340802788734
-0.0781766623258591
0.0420053713023663
0.1598537713289261
0.1656878441572189
-0.2648671865463257
-0.0711757689714432
-0.0175022371113300
0.0058340802788734
-0.1073470637202263
0.0070008933544159
-0.0175022333860397
-0.2987048625946045
0.2146941125392914
-0.1668546795845032
-0.0455058217048645
0.0758430287241936
-0.2648671865463257
-0.2368636131286621
0.1201820373535156
-0.0455058217048645
-0.2777021825313568
-0.1388510763645172
-0.1166815906763077
0.0035004466772079
-0.1143479570746422
0.0385049208998680
0.0863443762063980
-0.1808564662933350
-0.0443390011787415
0.1446851640939713
0.1050134226679802
0.0525067076086998
0.2088600397109985
-0.1785228252410889
0.0420053675770760
0.1085138693451881
-0.1808564662933350
0.1330170035362244
0.1003461629152298
-0.0011668205261230
-0.0583407953381538
0.0455058142542839
0.0373381078243256
0.0641748756170273
0.2543658614158630
-0.2310295403003693
0.0338376574218273
-0.0711757689714432
-0.2730349302291870
-0.0338376611471176
-0.0746762156486511
0.1785228252410889
-0.0011668205261230
0.0233363173902035
0.1586869657039642
0.0536735281348228
0.1551865041255951
0.1761891841888428
0.0443390011787415
-0.1750223785638809
-0.0315040275454521
0.2823694348335266
0.1435183435678482
-0.0478394478559494
-0.1971918791532516
0.0198358707129955
-0.0256699491292238
0.1656878441572189
-0.1295165568590164
-0.1948582530021667
0.1038466170430183
-0.0455058217048645
-0.2660340070724487
0.1248492896556854
0.0303372144699097
-0.2742017209529877
0.2076932191848755
-0.2543658614158630
0.1423515379428864
0.0548403449356556
-0.1085138767957687
-0.1400178968906403
-0.0641748756170273
0.0478394478559494
-0.2100268602371216
0.0641748756170273
-0.0093345344066620
-0.2228618264198303
0.0268367640674114
0.2088600397109985
-0.0198358669877052
-0.0560071617364883
-0.0968457162380219
0.0011668205261230
0.0081677064299583
0.1493524312973022
0.1470187902450562
-0.1061802431941032
0.0116681605577469
0.0396717339754105
-0.1283497512340546
0.1260161101818085
0.1050134226679802
-0.1190152168273926
-0.0956789031624794
-0.0198358707129955
0.0256699509918690
0.1108475029468536
0.2403640747070312
-0.1586869657039642
0.1038466095924377
-0.1330170184373856
-0.2730349302291870
-0.0011668205261230
-0.1096806973218918
0.2391972541809082
-0.1236824840307236
-0.0700089558959007
0.0875111892819405
0.0140017913654447
0.1178483963012695
0.1971918791532516
-0.0011668205261230
-0.1143479570746422
-0.0163354221731424
0.2030259519815445
0.0968457162380219
-0.1061802431941032
-0.2368636131286621
0.0711757689714432
-0.0945120826363564
0.0840107351541519
-0.1400178968906403
-0.1318501979112625
0.0618412382900715
0.0046672634780407
-0.2660340070724487
0.1260161101818085
0.0863443762063980
-0.1470188051462173
0.0583407878875732
-0.2426977008581161
0.2356968075037003
0.0011668158695102
-0.0746762156486511
-0.0116681605577469
-0.0851775556802750
0.0350044742226601
-0.0081677138805389
0.1166815832257271
-0.0011668205261230
-0.2940375804901123
0.1341838240623474
0.1960250586271286
-0.0805102959275246
-0.0011668205261230
-0.0606744214892387
-0.0023336410522461
0.0443390011787415
-0.0011668205261230
0.1050134226679802
-0.0385049208998680
0.0081677101552486
0.1155147701501846
-0.1738555729389191
0.1225156635046005
-0.0011668205261230
-0.2987048625946045
-0.0793434828519821
-0.1061802431941032
-0.0466726347804070
0.1493524312973022
0.2146941125392914
-0.2450313270092010
-0.0128349736332893
-0.0700089484453201
-0.2590331435203552
-0.0338376611471176
-0.0256699509918690
0.2391972541809082
-0.0011668205261230
0.0606744214892387
0.1003461629152298
0.0361712910234928
0.1703551113605499
0.1925246119499207
0.0548403412103653
-0.1213488504290581
-0.0373381078243256
0.2928707599639893
0.2065263986587524
-0.0478394478559494
-0.1901909857988358
0.0256699491292238
0.0116681586951017
0.1435183435678482
-0.1738555580377579
-0.1761891990900040
0.0980125367641449
0.0198358669877052
-0.2660340070724487
0.1481856107711792
0.0606744289398193
-0.2893703281879425
0.2135272920131683
-0.2543658614158630
0.1341838240623474
0.0210026837885380
-0.1096806898713112
-0.0840107426047325
0.0081677138805389
0.0011668158695102
-0.1318501979112625
0.0735094025731087
-0.0011668205261230
-0.2391972541809082
0.0326708406209946
0.1610205918550491
-0.0525067150592804
-0.0011668205261230
-0.1015129759907722
0.0280035808682442
0.0291703939437866
0.0653416812419891
0.0910116285085678
-0.1481856107711792
0.0513398945331573
-0.0011668205261230
-0.1446851640939713
0.1271829307079315
0.0326708406209946
-0.1388510912656784
-0.0466726347804070
0.0221695024520159
0.0070008952170610
0.1540196835994720
0.1808564513921738
-0.2987048625946045
-0.0035004466772079
-0.0793434828519821
-0.1085138767957687
-0.2987048625946045
-0.0081677101552486
0.0770098417997360
-0.1120143234729767
0.0443390011787415
0.0571739748120308
-0.0851775631308556
0.2228618264198303
0.1691882908344269
0.2963712215423584
-0.2660340070724487
0.1166815906763077
0.2753685414791107
0.2100268602371216
0.0268367603421211
-0.0886780023574829
-0.0525067150592804
0.1598537713289261
0.1656878441572189
-0.2893703281879425
-0.0315040275454521
0.0011668158695102
-0.1108475103974342
-0.1178484037518501
-0.0011668205261230
0.0070009008049965
-0.2987048625946045
0.2345299869775772
-0.2321963608264923
-0.0455058217048645
0.1096806898713112
-0.2613667547702789
-0.2368636131286621
0.0851775631308556
-0.0688421353697777
-0.2718681097030640
-0.0945120826363564
-0.1983586996793747
0.0035004466772079
-0.1143479570746422
0.0326708406209946
0.1271829307079315
-0.2076932191848755
-0.0536735281348228
0.0910116359591484
0.0641748681664467
0.1213488429784775
0.2298627197742462
-0.1925246119499207
-0.0023336336016655
0.0676753148436546
-0.1505192518234253
0.0641748681664467
0.1528528779745102
-0.0011668205261230
-0.0408385545015335
0.0980125293135643
0.0315040275454521
0.0420053713023663
0.0980125293135643
-0.1400178968906403
0.1598537713289261
0.0443390011787415
-0.1388510912656784
-0.2800357937812805
-0.0151686072349548
0.1155147701501846
-0.0490062683820724
-0.0198358688503504
0.0735093951225281
-0.0338376611471176
0.1750223785638809
0.1271829307079315
0.2100268602371216
-0.1656878590583801
-0.0245031341910362
0.1610205918550491
0.0886780023574829
-0.1330170035362244
-0.1166815906763077
-0.0140017922967672
0.0700089558959007
0.0420053713023663
-0.1796896457672119
-0.0350044742226601
0.0770098492503166
-0.1703551113605499
-0.1458519846200943
0.0478394478559494
0.1201820373535156
-0.1726887524127960
0.0991793423891068
-0.0723425894975662
0.0210026800632477
-0.0151686063036323
-0.1878573596477509
-0.1540196835994720
0.0653416886925697
-0.0595076084136963
-0.1761891990900040
-0.1493524312973022
-0.0431721881031990
-0.1213488429784775
-0.0081677138805389
0.0851775556802750
0.0968457162380219
-0.1866905391216278
-0.0268367603421211
0.1166815832257271
0.1621873974800110
0.0595076084136963
0.2298627197742462
-0.0898448228836060
-0.0840107426047325
0.2123604863882065
-0.1201820373535156
0.1493524312973022
0.0840107351541519
-0.1878573596477509
-0.1411847174167633
-0.0606744289398193
0.0081677110865712
0.0116681577637792
0.1283497363328934
-0.1458519846200943
0.0910116359591484
-0.0478394515812397
-0.1295165568590164
-0.2660340070724487
0.0746762156486511
0.0956788957118988
-0.0315040275454521
0.0035004476085305
0.0863443762063980
-0.0536735318601131
0.1260161101818085
0.0676753148436546
0.2461981475353241
-0.2625335752964020
-0.0501730851829052
0.0700089484453201
0.2100268602371216
-0.0653416886925697
-0.0875111892819405
-0.1178484112024307
0.0641748756170273
0.0933452695608139
-0.1540196835994720
-0.0338376611471176
0.0093345269560814
-0.0793434828519821
-0.1960250735282898
0.0746762081980705
0.1201820373535156
-0.1271829307079315
0.0805102884769440
-0.1108475103974342
0.0105013400316238
0.0536735281348228
-0.2181945741176605
-0.1131811365485191
-0.0058340728282928
-0.0723425820469856
-0.1458519846200943
0.0548403486609459
-0.1540196985006332
-0.1341838240623474
-0.0023336336016655
0.0688421279191971
0.0653416886925697
-0.1785228252410889
0.0081677138805389
0.0490062609314919
0.1808564513921738
0.2135272920131683
0.1890241652727127
-0.0956788957118988
-0.0501730814576149
0.0676753148436546
-0.1353506445884705
0.1516860574483871
0.1680214852094650
-0.1726887524127960
-0.1936914324760437
-0.0595076084136963
0.0151686063036323
-0.0840107500553131
0.1680214852094650
-0.0011668205261230
0.2391972541809082
-0.0420053713023663
-0.0140017867088318
-0.1155147701501846
0.0140017904341221
0.0198358669877052
-0.0816771090030670
0.0956789031624794
0.0723425820469856
-0.0571739785373211
-0.0011668205261230
0.1306833773851395
0.2963712215423584
-0.2228618264198303
0.0501730814576149
-0.0011668205261230
0.1341838240623474
-0.2076932191848755
-0.0956789031624794
-0.1236824840307236
0.1365174502134323
0.0221695005893707
-0.0828439146280289
0.0058340802788734
-0.1505192518234253
0.0116681568324566
-0.1796896457672119
0.1376842707395554
0.1936914324760437
-0.0758430287241936
0.0641748681664467
-0.1691883057355881
0.0256699472665787
0.1026797965168953
-0.1411847174167633
0.0280035808682442
-0.0198358669877052
-0.0828439295291901
-0.0991793498396873
0.1166815832257271
-0.2578663229942322
-0.1610205918550491
0.1295165568590164
0.0501730740070343
0.1400178968906403
-0.2356968075037003
0.0595076084136963
-0.0081677138805389
0.2415308803319931
0.1995255053043365
0.1073470562696457
-0.1365174502134323
-0.0711757689714432
0.0210026800632477
-0.1528528779745102
0.1936914324760437
0.1656878441572189
-0.2030259668827057
-0.2823694348335266
-0.1073470637202263
-0.0910116434097290
0.0373381078243256
0.1260161101818085
-0.0466726347804070
0.1178483963012695
0.1563533246517181
-0.1376842707395554
-0.0513398945331573
0.0175022371113300
0.0991793498396873
-0.2578663229942322
0.0140017904341221
-0.0280035808682442
-0.0280035808682442
0.1248492896556854
0.0641748681664467
0.2566995024681091
-0.1633542180061340
-0.0595076121389866
0.0233363136649132
0.1061802357435226
-0.1411847174167633
-0.0991793498396873
-0.0548403486609459
0.0291703958064318
-0.0326708443462849
-0.0396717339754105
-0.1236824840307236
0.0128349745646119
-0.0548403486609459
-0.0245031341910362
0.1936914324760437
0.1890241801738739
-0.1493524312973022
0.0968457162380219
-0.1050134301185608
0.1505192518234253
0.0735093951225281
-0.0700089484453201
0.0128349736332893
-0.0326708406209946
-0.0373381078243256
-0.2590331137180328
-0.0408385545015335
-0.1283497512340546
-0.1913577914237976
0.1493524312973022
0.2240286469459534
0.0816771090030670
-0.1061802431941032
0.0338376611471176
0.1155147701501846
0.1318501830101013
0.0840107351541519
0.0151686072349548
0.0291703939437866
0.0466726347804070
0.1120143234729767
-0.2415308952331543
0.2963712215423584
0.0420053675770760
-0.0758430287241936
-0.1995255053043365
-0.0396717414259911
0.1096806898713112
-0.1260161250829697
-0.0011668205261230
-0.2181945741176605
-0.0583407953381538
0.1621873974800110
-0.0980125367641449
-0.2426977008581161
-0.0723425894975662
0.0151686072349548
-0.2987048625946045
0.0828439220786095
-0.1050134301185608
-0.0746762156486511
0.2963712215423584
0.2601999342441559
0.2683676481246948
-0.1248492971062660
0.0198358707129955
0.1913577914237976
0.0980125293135643
-0.0700089484453201
-0.1295165568590164
0.1050134301185608
-0.0560071617364883
0.0303372107446194
-0.0396717339754105
-0.2123604863882065
0.1470187902450562
0.0081677101552486
0.0315040200948715
0.2030259519815445
0.0956789106130600
-0.2987048625946045
0.0525067076086998
-0.0723425894975662
0.1376842707395554
0.1505192518234253
-0.1738555729389191
-0.1656878590583801
0.0116681605577469
0.0606744252145290
-0.2987048625946045
-0.1808564662933350
-0.2123604863882065
-0.1131811365485191
-0.0968457236886024
0.2963712215423584
0.1843568980693817
-0.1656878590583801
-0.0805102884769440
0.1680214852094650
-0.0233363211154938
0.0525067076086998
0.1528528779745102
0.0291703939437866
0.0571739748120308
0.1458519846200943
-0.1306833773851395
0.2963712215423584
-0.0011668205261230
-0.0011668205261230
-0.1936914324760437
-0.0315040275454521
0.1493524312973022
0.0361712910234928
0.0933452695608139
-0.0431721881031990
0.0653416886925697
0.1621873974800110
-0.1073470562696457
-0.0618412420153618
-0.0420053713023663
0.0665085017681122
-0.2987048625946045
0.0140017904341221
-0.0093345269560814
-0.0653416886925697
0.1120143234729767
0.0420053675770760
0.2263622730970383
-0.1820232719182968
-0.0093345269560814
0.0151686072349548
0.1166815832257271
-0.1388510912656784
-0.0700089484453201
0.0023336317390203
0.0023336317390203
-0.0501730851829052
-0.0280035734176636
-0.1026797965168953
0.0548403449356556
0.0466726347804070
-0.0163354277610779
0.2963712215423584
0.1365174651145935
-0.1551865041255951
0.0385049208998680
-0.1050134301185608
0.0968457162380219
0.0396717377007008
-0.1680214852094650
0.0501730814576149
0.0326708480715752
-0.0093345269560814
-0.2041927725076675
-0.0093345269560814
-0.1225156635046005
-0.1668546646833420
0.1446851640939713
0.2555326819419861
0.0863443762063980
-0.1656878590583801
0.0245031341910362
0.0805102884769440
0.1178483963012695
0.0700089484453201
0.0046672523021698
0.0291703939437866
0.0513398945331573
0.1015129759907722
-0.2730349302291870
0.2882035076618195
0.0618412345647812
-0.0828439295291901
-0.2520322203636169
-0.1190152242779732
0.0116681586951017
-0.0151686072349548
0.1843568980693817
-0.0093345344066620
0.2076932191848755
-0.0548403449356556
-0.0291703939437866
-0.1155147701501846
-0.0035004504024982
0.0933452695608139
-0.0700089484453201
0.0945120826363564
0.0630080550909042
-0.1003461629152298
-0.0011668205261230
0.1166815832257271
0.2963712215423584
-0.2053595930337906
0.0548403449356556
0.0175022333860397
0.1213488429784775
-0.1598537713289261
-0.0758430287241936
-0.1213488578796387
0.0793434828519821
-0.0280035808682442
-0.1516860574483871
0.0058340802788734
-0.1423515379428864
0.0058340802788734
-0.2228618264198303
0.1353506296873093
0.2275291085243225
-0.0595076084136963
0.0525067076086998
-0.1656878590583801
0.0315040275454521
0.0198358707129955
-0.1435183584690094
0.0280035808682442
-0.0665085017681122
-0.0525067150592804
-0.1353506445884705
0.1166815832257271
-0.2485317885875702
-0.1761891841888428
0.1295165568590164
0.0583407878875732
0.1271829307079315
-0.2473649680614471
0.0431721955537796
0.0291703939437866
0.2415308803319931
0.1353506296873093
0.0956788957118988
-0.1353506445884705
-0.0420053713023663
0.0280035734176636
-0.1645210385322571
0.1855237185955048
0.1575201451778412
-0.2146941125392914
-0.2683676481246948
-0.0338376611471176
-0.0735094025731087
0.0105013418942690
0.0980125293135643
-0.1306833773851395
0.1085138767957687
-0.0630080550909042
-0.1096806898713112
-0.1890241801738739
0.0256699509918690
0.0665085017681122
-0.0641748756170273
0.0478394478559494
0.1026797965168953
-0.0478394515812397
0.0945120826363564
0.0945120826363564
0.2555326819419861
-0.2543658614158630
0.0198358707129955
0.1096806824207306
0.1715219318866730
-0.0128349736332893
-0.1236824840307236
-0.1201820373535156
0.1085138767957687
0.1271829307079315
-0.1376842707395554
0.0338376611471176
-0.0513398982584476
-0.1050134301185608
-0.1493524312973022
0.1050134226679802
0.0711757689714432
-0.1586869657039642
0.0315040200948715
-0.1271829307079315
0.0221695005893707
0.0280035808682442
-0.2158609330654144
-0.1271829307079315
-0.0140017867088318
-0.0443390049040318
-0.1645210385322571
0.0863443762063980
-0.1866905391216278
-0.1166815832257271
0.0688421353697777
0.0338376536965370
0.0851775556802750
-0.1586869657039642
-0.0210026800632477
0.0233363136649132
0.1306833773851395
0.1341838240623474
0.1820232719182968
-0.0956788957118988
-0.0933452695608139
0.0408385545015335
-0.1808564662933350
0.1913577914237976
0.1411847174167633
-0.1855237185955048
-0.2637003958225250
-0.0466726347804070
-0.0385049246251583
0.0758430361747742
0.0980125293135643
-0.0478394478559494
0.2158609330654144
-0.0630080550909042
-0.0770098492503166
-0.2356968075037003
0.1003461629152298
0.1540196835994720
-0.0945120900869370
-0.0606744289398193
0.1610205918550491
-0.1061802431941032
0.1038466095924377
0.1213488429784775
0.1901909857988358
-0.2368636131286621
0.0093345269560814
0.1423515379428864
0.0793434754014015
-0.1528528779745102
-0.2835362553596497
-0.0396717414259911
0.0513399019837379
-0.0350044779479504
-0.1540196835994720
-0.0770098492503166
0.0140017904341221
-0.1166815906763077
-0.2018591463565826
0.0466726273298264
0.1435183584690094
-0.0595076084136963
0.0653416812419891
-0.1376842707395554
0.0723425820469856
0.0163354221731424
-0.2123604863882065
-0.1166815906763077
0.0408385582268238
-0.0525067150592804
-0.1458519846200943
0.0011668168008327
-0.1388510912656784
-0.1575201451778412
0.0665085017681122
0.0630080550909042
0.0653416886925697
-0.2275290936231613
-0.1050134226679802
0.1260161101818085
0.1855237185955048
0.1131811365485191
0.1481856107711792
-0.1225156635046005
-0.1470187902450562
0.2777021527290344
-0.2053595930337906
0.1971918791532516
0.2006923258304596
-0.2520322203636169
-0.1306833773851395
-0.1213488504290581
-0.0303372107446194
-0.1318501979112625
0.1341838240623474
-0.0618412420153618
0.2123604863882065
-0.0571739785373211
0.0175022333860397
-0.2987048625946045
0.0303372107446194
-0.0583407953381538
-0.2917039692401886
0.0385049208998680
-0.0548403486609459
-0.1166815906763077
0.0863443687558174
0.1680214852094650
0.1563533246517181
-0.0011668205261230
0.1621873974800110
0.0956788957118988
0.0676753148436546
-0.1236824840307236
-0.2613667547702789
0.0338376611471176
-0.0688421353697777
-0.0385049246251583
-0.1563533246517181
-0.1435183584690094
-0.1505192518234253
0.0233363136649132
-0.0105013474822044
0.2660340070724487
0.1365174651145935
-0.0011668205261230
0.0630080550909042
-0.0408385545015335
-0.0408385545015335
0.1271829307079315
-0.2601999342441559
-0.1318501830101013
0.1318501979112625
-0.0186690539121628
-0.0723425820469856
-0.0291703958064318
-0.2987048625946045
-0.0641748681664467
0.0501730814576149
-0.0011668205261230
0.2030259668827057
-0.2788689732551575
0.0513398945331573
0.2812026143074036
0.2508653998374939
0.0991793423891068
0.2963712215423584
-0.2590331137180328
-0.1435183584690094
0.1446851640939713
-0.1901909857988358
0.0956788957118988
0.1621873974800110
-0.2800357937812805
-0.0933452695608139
-0.0443390011787415
-0.1481856107711792
-0.1318501979112625
0.1085138693451881
-0.0758430287241936
0.1750223785638809
0.0093345269560814
-0.0653416886925697
-0.2263622879981995
-0.0338376611471176
-0.0583407953381538
-0.2298627197742462
-0.0175022389739752
-0.1050134301185608
0.0268367640674114
0.0221695005893707
0.0688421279191971
0.0128349661827087
-0.0011668205261230
0.0735093951225281
0.0478394478559494
0.1236824765801430
-0.1353506445884705
-0.0466726347804070
-0.0070008952170610
-0.1096806898713112
-0.0945120900869370
0.0011668205261230
0.0548403412103653
-0.1423515379428864
-0.0443390049040318
0.0315040200948715
0.2648671865463257
0.2286959141492844
-0.0011668205261230
0.1796896457672119
0.0431721806526184
0.1236824840307236
-0.0058340793475509
-0.2135273069143295
-0.2228618264198303
0.1166815906763077
-0.0676753222942352
-0.0606744289398193
-0.1808564662933350
-0.2987048625946045
0.0035004466772079
0.1038466095924377
0.1201820299029350
0.1936914324760437
-0.1621874123811722
-0.1213488429784775
0.2800357937812805
0.2088600397109985
0.1551865041255951
0.2333631664514542
-0.1913577914237976
-0.1621873974800110
0.2076932191848755
-0.1435183584690094
0.0186690539121628
0.2963712215423584
-0.2648671865463257
-0.0256699472665787
0.0280035827308893
-0.0980125367641449
-0.1073470562696457
-0.0011668205261230
-0.2438645064830780
0.1516860574483871
-0.1353506445884705
-0.2660340070724487
-0.0280035808682442
-0.0700089484453201
-0.0326708480715752
-0.0910116359591484
-0.1155147776007652
-0.0303372144699097
0.0688421353697777
-0.0011668205261230
0.0630080550909042
-0.0011668205261230
-0.1960250735282898
-0.0373381078243256
0.0198358595371246
0.1143479496240616
-0.1353506445884705
-0.0011668205261230
0.0921784490346909
0.1260161101818085
-0.1143479645252228
-0.1306833624839783
0.0548403412103653
-0.0361712910234928
-0.1925246119499207
-0.0035004541277885
0.1855237185955048
0.1376842707395554
-0.0011668205261230
0.0011668056249619
0.0431721806526184
0.0105013400316238
-0.0793434828519821
-0.0011668205261230
-0.2368636131286621
0.2123604863882065
0.0781766623258591
-0.0011668205261230
-0.1645210385322571
-0.0700089484453201
0.0035004466772079
0.1831900775432587
0.1213488429784775
0.2170277535915375
-0.2356968075037003
-0.0676753148436546
0.2473649680614471
0.2742017209529877
0.2963712215423584
0.1435183435678482
-0.2683676481246948
-0.0700089484453201
0.1073470562696457
-0.0886780023574829
-0.0011668205261230
0.2963712215423584
-0.2777021825313568
-0.1038466095924377
0.1271829307079315
-0.1481856107711792
-0.1318501979112625
0.0618412345647812
-0.1808564662933350
0.1388510912656784
0.0058340793475509
-0.0431721881031990
-0.2987048625946045
-0.0326708443462849
-0.0583407953381538
-0.2707012891769409
0.0851775556802750
-0.1050134301185608
-0.0968457162380219
0.0478394478559494
-0.0011668205261230
0.0641748681664467
-0.0116681605577469
-0.0303372107446194
0.1108475029468536
0.2496985942125320
-0.0980125367641449
-0.0653416886925697
-0.0105013418942690
-0.0641748681664467
-0.0128349754959345
-0.0991793423891068
0.0478394478559494
-0.1085138693451881
-0.0980125367641449
0.0315040200948715
0.2310295403003693
0.1645210385322571
-0.0303372144699097
0.1318501830101013
0.0431721806526184
0.0711757689714432
-0.0385049246251583
-0.0443390011787415
-0.1610205918550491
0.1831900924444199
-0.1458519846200943
-0.0700089484453201
-0.1201820299029350
-0.2987048625946045
0.0035004466772079
0.0011668130755424
-0.0011668205261230
0.2053595781326294
-0.1621874123811722
-0.1108475029468536
0.2893703281879425
0.2006923258304596
0.0070008933544159
0.2333631664514542
-0.1831900924444199
-0.1365174651145935
0.1831900775432587
-0.0816771090030670
0.0035004466772079
0.1668546646833420
-0.2987048625946045
-0.0688421353697777
0.1271829307079315
0.0245031341910362
-0.1318501979112625
0.1458519846200943
-0.0420053750276566
0.1901909857988358
-0.0665085017681122
0.0175022333860397
-0.2893703281879425
-0.0501730814576149
-0.0583407953381538
-0.2006923258304596
0.0105013428255916
-0.0221695005893707
-0.1400178968906403
0.1236824765801430
0.0980125293135643
0.1446851640939713
-0.0011668205261230
0.1621873974800110
0.0840107351541519
0.0828439220786095
-0.1493524312973022
-0.2485317885875702
0.0828439295291901
-0.0711757689714432
-0.0513398982584476
-0.1295165568590164
-0.0583407953381538
-0.1505192518234253
0.0140017904341221
0.0245031267404556
0.2707012891769409
0.1715219318866730
-0.0011668205261230
0.0455058142542839
-0.0140017941594124
0.0653416812419891
0.1003461629152298
-0.2543658614158630
-0.1540196835994720
0.1750223934650421
-0.0245031341910362
-0.0233363211154938
-0.0455058179795742
-0.2987048625946045
-0.0023336261510849
0.0560071617364883
-0.0011668205261230
0.2170277535915375
-0.2987048625946045
0.0326708480715752
0.2893703281879425
0.2742017209529877
0.0350044742226601
0.2590331137180328
-0.2683676481246948
-0.1166815906763077
0.1551865041255951
-0.2601999342441559
0.0723425820469856
0.1936914324760437
-0.2987048625946045
-0.0490062683820724
-0.0303372126072645
-0.1178484037518501
-0.0023336336016655
0.1143479496240616
-0.0361712947487831
0.2391972541809082
-0.0361712910234928
-0.0525067150592804
-0.2987048625946045
0.0011668168008327
0.0490062646567822
-0.1633542180061340
-0.0898448228836060
0.1563533246517181
-0.0840107426047325
0.0443390011787415
0.1096806824207306
0.1890241652727127
-0.1166815906763077
0.0245031341910362
-0.0011668205261230
0.0338376536965370
-0.1423515379428864
-0.2823694348335266
0.0303372126072645
-0.0338376611471176
-0.1248493045568466
-0.1761891841888428
0.0128349736332893
0.1248492971062660
-0.1925246119499207
-0.1061802506446838
0.1458519846200943
0.2006923258304596
-0.0373381078243256
0.0081677138805389
-0.0455058217048645
-0.0186690539121628
-0.0385049246251583
-0.2835362553596497
-0.1120143234729767
0.0455058217048645
0.0501730814576149
-0.1248492971062660
-0.0245031323283911
-0.0945120900869370
-0.1936914324760437
0.0361712910234928
0.0723425820469856
0.0711757689714432
-0.2228618264198303
-0.1330170035362244
0.1656878590583801
0.2520322203636169
0.1621873974800110
0.2321963608264923
-0.2321963608264923
-0.1808564662933350
0.2508653998374939
-0.2847030758857727
0.2065263986587524
0.2286958992481232
-0.1948582530021667
-0.1225156635046005
-0.1680214852094650
-0.0676753222942352
0.1026797890663147
0.1855237185955048
-0.0618412420153618
0.1715219318866730
-0.0186690539121628
-0.0991793498396873
-0.2298627197742462
0.0513398982584476
0.1516860574483871
-0.0735094025731087
-0.0385049208998680
0.1866905391216278
-0.0875111892819405
0.1726887524127960
0.0816771090030670
0.1446851640939713
-0.1365174502134323
0.0210026856511831
0.1610205918550491
0.1306833773851395
-0.0536735281348228
-0.2753685414791107
-0.0233363192528486
0.1050134301185608
0.0478394478559494
-0.1680214703083038
-0.1225156635046005
0.0688421353697777
-0.0408385545015335
-0.2391972541809082
0.0828439220786095
0.0851775631308556
-0.1120143234729767
0.1411847174167633
-0.2240286469459534
0.1750223785638809
0.0525067150592804
-0.2496985942125320
-0.0350044742226601
0.0956789031624794
-0.0081677110865712
-0.1540196985006332
0.0408385545015335
-0.0560071617364883
-0.2100268602371216
-0.0268367677927017
0.0735093951225281
0.0326708443462849
-0.1901909857988358
-0.1248492896556854
0.1096806898713112
0.1318501830101013
0.1341838240623474
0.1691882908344269
-0.1283497512340546
-0.0933452695608139
0.2380304336547852
-0.2310295403003693
0.1586869508028030
0.0980125293135643
-0.1691883057355881
-0.0315040275454521
-0.1026797965168953
-0.0326708443462849
0.0455058179795742
0.1843568980693817
-0.0011668205261230
0.1936914324760437
-0.0245031341910362
-0.0676753222942352
-0.2450313270092010
0.1003461629152298
0.1481856107711792
-0.0490062683820724
-0.0315040275454521
0.1925246119499207
-0.0735094025731087
0.2438645064830780
0.1201820299029350
0.1026797890663147
-0.1283497512340546
0.1621873974800110
0.2135272920131683
0.1213488429784775
-0.2380304336547852
-0.2812026143074036
0.0478394478559494
-0.0653416886925697
-0.1283497512340546
-0.2275290787220001
-0.1271829307079315
0.0653416886925697
-0.1003461629152298
-0.1516860723495483
0.1201820299029350
0.1551865190267563
-0.0840107426047325
0.1703551113605499
-0.1318501979112625
0.1423515379428864
-0.1435183584690094
-0.2800357937812805
-0.0840107426047325
0.0793434828519821
0.0501730814576149
-0.2987048625946045
0.0478394553065300
-0.2170277535915375
-0.2777021527290344
-0.1143479570746422
-0.0011668205261230
-0.0210026875138283
-0.0688421353697777
-0.1726887524127960
0.1855237185955048
0.1120143234729767
0.2485317736864090
0.1703551113605499
-0.2683676481246948
-0.0641748756170273
0.2286958992481232
-0.1341838240623474
0.0875111818313599
0.2146941125392914
-0.1330170035362244
-0.0011668205261230
-0.0921784564852715
-0.1481856107711792
0.0350044742226601
0.1470187902450562
-0.0011668205261230
0.1248492971062660
0.0245031341910362
0.0175022333860397
-0.2135273069143295
0.1003461629152298
0.0140017867088318
-0.2987048625946045
-0.1248492971062660
0.0128349736332893
0.0058340793475509
0.1365174502134323
0.0175022333860397
0.0245031267404556
-0.1085138767957687
-0.0303372107446194
0.0210026800632477
0.2730349004268646
-0.2158609330654144
-0.1341838240623474
0.0361712910234928
0.0221695005893707
-0.0676753222942352
-0.1831900775432587
-0.0186690539121628
0.0350044742226601
-0.0991793498396873
0.0315040200948715
0.1015129759907722
0.0781766697764397
-0.1015129834413528
0.2963712215423584
-0.0198358744382858
0.2520322203636169
-0.1458519846200943
-0.2718681097030640
-0.0828439295291901
0.2123604863882065
0.0011668158695102
-0.2765353620052338
-0.0361712910234928
-0.2718681097030640
-0.1645210385322571
0.0175022371113300
0.2590331137180328
0.1458519846200943
-0.0011668205261230
-0.2018591463565826
0.2893703281879425
0.0490062609314919
0.2963712215423584
0.1703551113605499
-0.1306833773851395
-0.0968457162380219
0.2963712215423584
-0.1481856107711792
-0.0011668205261230
0.2940375804901123
-0.2298627197742462
-0.0280035808682442
-0.0210026856511831
-0.0163354203104973
0.1656878441572189
0.2356967926025391
-0.0256699472665787
0.1726887524127960
0.0046672634780407
0.0175022333860397
-0.1470188051462173
-0.0315040275454521
0.0233363136649132
-0.1761891990900040
-0.1330170035362244
-0.0723425894975662
0.0898448228836060
0.1143479496240616
0.1960250586271286
-0.0011668205261230
-0.2987048625946045
-0.1353506445884705
0.0840107351541519
0.2963712215423584
-0.2193613946437836
-0.0011668205261230
-0.1236824840307236
0.1598537713289261
0.1236824840307236
-0.1458519697189331
-0.0210026875138283
-0.0700089484453201
0.0945120826363564
-0.0676753222942352
-0.0011668205261230
-0.0175022333860397
-0.1236824840307236
0.2963712215423584
-0.0583407953381538
0.2520322203636169
-0.1458519846200943
-0.0781766623258591
0.0606744214892387
0.1866905391216278
0.1260161101818085
-0.1096806898713112
-0.0560071617364883
-0.0513398945331573
-0.1540196835994720
0.1015129759907722
0.2963712215423584
0.0256699472665787
-0.0011668205261230
-0.1808564662933350
0.2730349302291870
0.0980125293135643
0.2963712215423584
0.0781766623258591
0.0291703939437866
-0.1715219318866730
0.2625335752964020
-0.0268367677927017
-0.0011668205261230
0.2648671865463257
-0.2987048625946045
-0.2987048625946045
0.0501730814576149
0.1400179117918015
0.1656878441572189
0.1015129759907722
-0.0011668205261230
0.1528528779745102
0.0011668158695102
-0.0443390011787415
-0.2987048625946045
0.1003461629152298
0.1633542180061340
-0.1516860574483871
-0.1330170035362244
0.0910116359591484
-0.1061802431941032
0.2240286469459534
0.0665085017681122
-0.0011668205261230
-0.1761891990900040
-0.0105013437569141
0.1108475029468536
0.2963712215423584
-0.2403640747070312
-0.1458519846200943
0.0093345269560814
0.1003461629152298
-0.1120143234729767
-0.2893703281879425
-0.1213488504290581
-0.0793434754014015
-0.1516860723495483
-0.1376842707395554
-0.0011668205261230
0.2111936807632446
-0.0583407953381538
0.2963712215423584
-0.1073470637202263
0.2520322203636169
-0.1178484037518501
-0.0770098492503166
-0.0840107426047325
0.1341838240623474
-0.0828439295291901
-0.2380304336547852
0.0630080550909042
-0.2928707897663116
-0.1260161101818085
-0.0455058217048645
0.1353506296873093
0.1061802431941032
-0.0991793498396873
-0.1995255053043365
0.2893703281879425
0.1073470562696457
0.2730349004268646
0.1411847174167633
-0.0816771090030670
-0.0490062683820724
0.2963712215423584
-0.0478394478559494
-0.0011668205261230
0.2356967926025391
-0.2380304336547852
-0.0011668205261230
0.1271829307079315
0.1493524312973022
0.0245031323283911
0.1960250586271286
-0.0011668205261230
0.2018591463565826
0.0128349745646119
-0.0805102959275246
-0.2403640747070312
0.0361712910234928
0.1330170035362244
-0.0221695005893707
-0.0128349754959345
0.1925246119499207
-0.1003461629152298
0.2018591463565826
0.0933452695608139
0.1400178968906403
-0.0770098492503166
0.0991793423891068
0.1948582530021667
0.1073470562696457
-0.2520322203636169
-0.2987048625946045
0.0606744214892387
0.0023336317390203
-0.0886780023574829
-0.2777021527290344
-0.1213488504290581
0.0000000000000000
-0.1038466095924377
-0.1738555729389191
0.1446851640939713
0.2286959141492844
-0.0746762156486511
0.1225156635046005
-0.1633542180061340
0.1353506445884705
-0.0863443762063980
-0.2415308952331543
-0.0536735281348228
0.1481856107711792
0.0280035808682442
-0.2601999342441559
0.0455058217048645
-0.2216950058937073
-0.2356967926025391
-0.1143479570746422
0.0268367603421211
0.0478394478559494
-0.1621874123811722
-0.2228618264198303
0.1656878590583801
0.1493524312973022
0.1948582530021667
0.1785228252410889
-0.2683676481246948
-0.0350044779479504
0.2193613797426224
-0.1003461629152298
0.0350044742226601
0.1738555580377579
-0.1563533246517181
-0.0011668205261230
-0.0513398982584476
-0.1096806973218918
0.1493524312973022
0.2146941125392914
-0.0851775556802750
0.1925246119499207
-0.0466726347804070
-0.1143479570746422
-0.2240286469459534
0.0886780023574829
0.2123604863882065
-0.0081677138805389
-0.0420053750276566
0.1925246119499207
-0.0875111892819405
0.2158609330654144
0.1120143234729767
0.1470187902450562
-0.1621874123811722
0.0735093951225281
0.2450313270092010
0.1365174502134323
-0.0851775556802750
-0.2987048625946045
-0.0233363192528486
0.1120143234729767
0.0280035808682442
-0.2065263986587524
-0.1540196985006332
0.0898448228836060
-0.0676753222942352
-0.2333631813526154
0.0501730740070343
0.0373381152749062
-0.1178484037518501
0.1190152168273926
-0.2170277535915375
0.0595076084136963
-0.0548403486609459
-0.2391972541809082
-0.0105013400316238
0.0875111967325211
-0.0058340793475509
-0.2625335752964020
0.1096806898713112
-0.1353506445884705
-0.2601999342441559
-0.0583407953381538
0.0420053675770760
-0.0361712947487831
-0.1283497512340546
-0.1003461629152298
0.1178483963012695
0.0478394478559494
0.1656878441572189
0.1248492896556854
-0.0630080550909042
-0.0711757689714432
0.2240286469459534
-0.2263622879981995
0.1493524312973022
0.0793434754014015
-0.2030259668827057
-0.0886780023574829
-0.1201820373535156
0.0525067150592804
0.0630080550909042
0.1516860574483871
-0.1283497512340546
0.0991793498396873
-0.0070008952170610
-0.1540196985006332
-0.2006923258304596
0.0431721843779087
0.1610205769538879
-0.0840107426047325
0.0385049208998680
0.0898448228836060
-0.0455058217048645
0.1225156635046005
0.0758430287241936
0.1645210385322571
-0.1621874123811722
-0.0606744252145290
0.1015129759907722
0.1458519846200943
-0.1353506445884705
-0.2240286469459534
-0.0268367659300566
0.1411847174167633
0.0431721881031990
-0.1166815757751465
-0.0910116359591484
0.0490062646567822
-0.0921784564852715
-0.1586869657039642
0.0956788957118988
0.0618412494659424
-0.1551865041255951
0.0723425820469856
-0.1470188051462173
0.1178483963012695
0.0128349745646119
-0.1785228252410889
-0.0163354203104973
0.0805102959275246
-0.0478394515812397
-0.1388510912656784
0.0606744289398193
-0.1166815906763077
-0.2006923258304596
0.0630080550909042
0.0910116285085678
0.0455058179795742
-0.1575201451778412
-0.0046672597527504
0.1295165568590164
0.0618412345647812
0.1201820299029350
0.1085138693451881
-0.0490062683820724
0.0408385545015335
0.2146941125392914
-0.1796896457672119
0.2135272920131683
0.0245031267404556
-0.2135273069143295
-0.1493524312973022
-0.0385049208998680
0.0280035808682442
0.0898448228836060
0.2718681097030640
-0.1190152168273926
0.0595076084136963
0.1061802506446838
-0.2578663229942322
-0.0011668205261230
-0.0186690539121628
0.2391972541809082
-0.0011668205261230
0.1190152168273926
0.1925246119499207
-0.0350044779479504
0.2041927725076675
0.0781766623258591
0.0840107351541519
-0.2041927725076675
-0.0700089484453201
0.2450313270092010
0.0583407878875732
-0.0338376611471176
-0.2648671865463257
0.0163354221731424
0.0210026856511831
0.1376842707395554
-0.0571739673614502
-0.2065263986587524
0.1073470637202263
-0.0443390049040318
-0.2018591463565826
0.1423515379428864
0.0046672672033310
-0.2263622879981995
0.0933452695608139
-0.2298627197742462
0.0793434754014015
0.0291703976690769
-0.1505192518234253
0.0303372144699097
-0.0408385545015335
0.0245031341910362
-0.2800357937812805
0.0921784564852715
-0.0011668205261230
-0.2940375804901123
-0.0536735281348228
0.0665085017681122
-0.0805102959275246
-0.0501730814576149
-0.0151685997843742
0.0128349661827087
0.0361712872982025
0.1598537713289261
0.0023336261510849
-0.0711757689714432
0.0956788957118988
0.1493524312973022
-0.1971918791532516
0.2601999342441559
0.0175022333860397
-0.1411847174167633
-0.1435183584690094
-0.1703551113605499
-0.0863443762063980
0.1143479496240616
0.2963712215423584
-0.2742017209529877
0.0618412382900715
0.0910116434097290
-0.1785228252410889
-0.1330170035362244
-0.1855237185955048
0.1435183584690094
-0.0011668205261230
0.1528528779745102
0.1796896457672119
0.1376842856407166
0.2963712215423584
0.2637003660202026
0.1960250586271286
-0.0700089484453201
0.0420053713023663
0.2963712215423584
0.0665085017681122
-0.0326708480715752
-0.1668546646833420
0.1213488504290581
-0.0898448228836060
0.1656878441572189
-0.1061802357435226
-0.1936914324760437
0.0828439295291901
-0.0070008970797062
-0.1505192518234253
0.1995255053043365
0.1598537862300873
-0.2590331137180328
0.0665085017681122
-0.1971918940544128
0.0478394478559494
0.0735093951225281
-0.1015129834413528
-0.0828439295291901
0.0291704013943672
0.0770098492503166
-0.1796896457672119
-0.0081677101552486
-0.0431721881031990
-0.1761891841888428
-0.0618412420153618
0.0490062609314919
-0.0805102959275246
-0.0665085017681122
-0.1295165568590164
0.0256699472665787
0.0746762156486511
0.1388510763645172
0.1855237185955048
-0.1365174502134323
-0.1295165717601776
0.1411847174167633
-0.1155147701501846
0.2800357937812805
0.0770098417997360
-0.0128349810838699
-0.0898448228836060
-0.1213488504290581
0.0303372144699097
0.0968457162380219
0.2963712215423584
-0.2987048625946045
-0.0408385619521141
0.0618412420153618
-0.1096806898713112
-0.2625335752964020
-0.1971918791532516
0.0373381078243256
-0.0455058217048645
0.0361712947487831
0.0175022371113300
0.1423515379428864
0.2847030758857727
0.2216950058937073
0.2543658614158630
-0.0011668205261230
0.1003461629152298
0.2963712215423584
-0.0011668205261230
-0.1026797965168953
-0.1481856107711792
0.1738555580377579
-0.1376842707395554
0.1575201302766800
-0.2742017209529877
-0.1108475029468536
0.0793434828519821
0.1050134226679802
-0.2660340070724487
0.1516860574483871
0.2205282002687454
-0.2111936807632446
0.1645210385322571
-0.1890241801738739
-0.0186690539121628
0.1516860574483871
-0.1120143234729767
-0.2368636131286621
-0.0011668130755424
0.0058340793475509
-0.0350044742226601
-0.0956789031624794
-0.0735094025731087
0.0035004466772079
0.0536735281348228
0.1505192369222641
-0.0175022408366203
-0.1680214852094650
-0.1575201451778412
0.0805102884769440
0.0980125293135643
-0.0011668205261230
0.2730349004268646
-0.1878573596477509
-0.2018591463565826
0.2275290936231613
-0.1633542180061340
0.2963712215423584
0.0863443687558174
-0.0011668205261230
-0.0011668205261230
-0.1178484037518501
0.1353506445884705
0.0875111818313599
0.2368636131286621
-0.2975380420684814
-0.0186690539121628
0.0991793423891068
-0.2216950058937073
-0.0735094025731087
-0.1971918791532516
0.1260161101818085
-0.0011668205261230
0.1481856256723404
0.1446851640939713
0.1225156709551811
0.2963712215423584
0.2566995024681091
0.1645210385322571
-0.1003461629152298
0.0011668158695102
0.2963712215423584
0.0956788957118988
-0.0105013400316238
-0.1633542180061340
0.1376842707395554
-0.0595076084136963
0.1656878441572189
-0.1411847174167633
-0.2216950207948685
0.0956789031624794
-0.0093345269560814
-0.1890241801738739
0.1610205918550491
0.1726887524127960
-0.2928707897663116
0.0793434754014015
-0.1971918940544128
0.0711757689714432
0.0805102959275246
-0.0478394478559494
-0.0455058179795742
0.0128349773585796
0.0595076084136963
-0.1925246119499207
-0.0245031323283911
-0.0956789031624794
-0.1621873974800110
-0.0945120826363564
0.1260161101818085
-0.0431721881031990
-0.0805102959275246
-0.1423515379428864
0.0501730814576149
0.0816771090030670
0.1551865041255951
0.1610205918550491
-0.1575201451778412
-0.0606744252145290
0.1563533246517181
-0.1481856107711792
0.2263622730970383
0.0781766623258591
-0.0011668205261230
-0.1026797965168953
-0.1388510912656784
0.0291703976690769
0.0945120900869370
0.2555326819419861
-0.1353506445884705
0.1260161101818085
0.0618412420153618
-0.2461981475353241
-0.0011668205261230
-0.0431721881031990
0.2391972541809082
-0.0011668205261230
0.1645210385322571
0.1925246119499207
-0.0746762156486511
0.1435183435678482
0.1400178968906403
0.0770098417997360
-0.2100268602371216
-0.0443390049040318
0.2520322203636169
0.0595076084136963
-0.0210026875138283
-0.2987048625946045
0.0186690539121628
0.0478394478559494
0.1155147701501846
-0.0536735206842422
-0.2356968075037003
0.0560071617364883
-0.0723425894975662
-0.2286959141492844
0.2030259519815445
0.0210026875138283
-0.2158609330654144
0.0735093951225281
-0.2543658614158630
0.0805102884769440
0.0151686063036323
-0.1551865041255951
0.0583407953381538
-0.0396717339754105
0.0070008952170610
-0.2987048625946045
0.1026797965168953
-0.0046672672033310
-0.2940375804901123
-0.0396717414259911
-0.0011668205261230
-0.0805102959275246
-0.0536735281348228
-0.0420053675770760
-0.0081677138805389
0.0233363136649132
0.0875111818313599
0.0501730740070343
-0.0921784490346909
0.0956788957118988
0.1260161101818085
-0.2088600397109985
0.2076932191848755
-0.0011668205261230
-0.0991793498396873
-0.1691883057355881
-0.1248492971062660
-0.0898448228836060
0.0840107351541519
0.1283497363328934
-0.1248492971062660
0.1213488504290581
-0.0081677101552486
-0.1843568980693817
-0.1843568980693817
0.0571739785373211
0.1750223785638809
-0.0490062683820724
0.0361712947487831
0.0653416886925697
-0.0781766623258591
0.1808564513921738
0.0571739748120308
0.1680214852094650
-0.2321963608264923
-0.0513398982584476
0.0758430287241936
0.1761891841888428
-0.0151686072349548
-0.2321963608264923
-0.0396717414259911
0.1295165568590164
0.0875111818313599
-0.1283497363328934
-0.0991793498396873
0.0501730814576149
-0.0373381078243256
-0.1761891990900040
0.0863443687558174
0.0198358744382858
-0.1621874123811722
0.1073470562696457
-0.2531990408897400
0.0933452695608139
0.0350044742226601
-0.2345299869775772
0.0221695005893707
0.0700089558959007
-0.0373381078243256
-0.2018591463565826
0.0618412420153618
-0.0665085017681122
-0.1925246119499207
0.0583407916128635
0.1446851640939713
0.0116681568324566
-0.1645210385322571
-0.0198358669877052
0.0595076084136963
0.1050134226679802
0.0898448154330254
0.1213488429784775
-0.0525067150592804
0.0793434828519821
0.1598537713289261
-0.2356968075037003
0.1890241652727127
-0.0011668205261230
-0.1831900924444199
-0.1225156635046005
-0.0256699491292238
0.0431721881031990
0.0490062646567822
0.0991793423891068
-0.0898448228836060
0.1131811365485191
0.0000000000000000
-0.1376842707395554
-0.2485317885875702
0.0851775556802750
0.1411847174167633
-0.0723425820469856
0.0350044742226601
0.0175022371113300
-0.0723425820469856
0.1376842707395554
0.0630080550909042
0.2193613797426224
-0.1785228252410889
-0.0595076121389866
0.0233363136649132
0.0933452695608139
-0.1120143234729767
-0.2228618264198303
-0.0501730814576149
0.1155147701501846
0.0373381078243256
-0.1283497363328934
-0.0770098492503166
-0.0233363173902035
-0.1073470637202263
-0.2053595930337906
0.0210026800632477
0.1120143234729767
-0.1621874123811722
0.0723425820469856
-0.1166815906763077
0.0291703939437866
0.0723425820469856
-0.2041927725076675
-0.0478394478559494
0.0711757689714432
-0.0711757689714432
-0.1878573596477509
-0.0420053713023663
-0.1190152168273926
-0.2135272920131683
0.0758430287241936
0.1225156635046005
0.0396717377007008
-0.1668546646833420
-0.0921784490346909
0.1341838240623474
0.1096806898713112
0.1271829307079315
0.1680214852094650
-0.0560071617364883
-0.0070008970797062
0.1855237185955048
-0.1633542180061340
0.1411847174167633
0.0618412345647812
-0.2193613797426224
-0.1656878590583801
-0.0560071617364883
0.0350044779479504
0.0350044742226601
0.0046672523021698
-0.1283497512340546
0.0665085017681122
0.0081677110865712
-0.1003461629152298
-0.2566995024681091
0.0000000000000000
0.1983586847782135
-0.2100268602371216
-0.0151686053723097
-0.0256699472665787
-0.0653416886925697
0.1201820299029350
0.0175022333860397
0.2088600397109985
-0.2601999342441559
-0.0746762156486511
-0.0011668205261230
0.1703551113605499
-0.1633542180061340
-0.1540196985006332
-0.0128349754959345
0.1598537713289261
0.0233363173902035
-0.1680214703083038
-0.0186690539121628
0.0035004476085305
-0.1446851789951324
-0.1470188051462173
0.0151686072349548
0.0840107500553131
-0.1645210385322571
0.0221695005893707
-0.1190152168273926
0.0793434754014015
-0.0303372144699097
-0.2030259668827057
-0.0606744252145290
0.1400178968906403
-0.0268367640674114
-0.2135273069143295
0.0280035808682442
-0.1376842707395554
-0.1668546646833420
0.1178484037518501
0.1411847174167633
0.1225156635046005
-0.2298627197742462
-0.0011668130755424
0.1633542180061340
0.1178483963012695
0.1878573596477509
0.1563533246517181
-0.0303372144699097
0.0490062683820724
0.1995255053043365
-0.1271829307079315
0.1470187902450562
0.1003461629152298
-0.1493524312973022
-0.1925246119499207
-0.0583407953381538
0.1050134226679802
-0.0945120900869370
-0.0011668205261230
-0.0793434828519821
0.1423515379428864
-0.0466726347804070
-0.1901909857988358
-0.1505192518234253
-0.0163354240357876
0.0875111892819405
-0.1878573596477509
-0.0326708480715752
-0.0373381078243256
-0.0828439295291901
0.0046672523021698
0.1283497363328934
0.1680214852094650
-0.2672008275985718
-0.1341838240623474
-0.0011668205261230
0.1761891841888428
-0.1808564662933350
-0.1493524312973022
0.0268367640674114
0.0863443762063980
0.0280035808682442
-0.0886780023574829
0.0140017867088318
0.0560071617364883
-0.1925246119499207
-0.0513399019837379
0.0338376536965370
0.1213488578796387
-0.1843568980693817
-0.0011668205261230
-0.0011668205261230
0.0525067113339901
-0.0676753222942352
-0.1201820373535156
-0.0373381078243256
0.0875111967325211
0.0746762156486511
-0.0875111892819405
-0.0805102959275246
-0.1446851640939713
-0.1831900924444199
0.0046672616153955
0.1470187902450562
0.1855237185955048
-0.1808564662933350
-0.0501730777323246
0.1190152168273926
0.1668546646833420
0.2438645064830780
0.1551865041255951
-0.0501730814576149
0.0233363136649132
0.1038466095924377
-0.0326708406209946
0.0653416812419891
0.0991793423891068
-0.1750223785638809
-0.2987048625946045
-0.0081677110865712
0.0373381078243256
-0.1260161250829697
-0.0011668205261230
-0.1003461629152298
0.1575201451778412
-0.0513398982584476
-0.2135273069143295
-0.1026797965168953
-0.0653416886925697
0.0233363136649132
-0.1890241801738739
-0.0011668149381876
0.0665085017681122
-0.0945120826363564
0.0093345195055008
0.2065263986587524
0.1586869508028030
-0.2216950058937073
-0.0956788957118988
0.0268367603421211
0.1855237185955048
-0.1890241801738739
-0.1143479570746422
0.0233363173902035
0.0746762156486511
0.0513398982584476
-0.0338376536965370
-0.0140017867088318
0.0513398982584476
-0.1738555729389191
0.0233363062143326
0.1003461629152298
0.1761891990900040
-0.1540196985006332
-0.0011668205261230
-0.0221695005893707
0.0361712872982025
-0.0303372144699097
-0.1493524312973022
-0.0455058179795742
-0.0070008933544159
0.0653416886925697
-0.0688421353697777
-0.1155147701501846
-0.0968457162380219
-0.2111936658620834
-0.0326708480715752
0.0956788957118988
0.1516860723495483
-0.1213488504290581
-0.0746762156486511
0.0443390011787415
0.1248492971062660
0.1925246119499207
0.0898448154330254
0.0291703939437866
0.0140017867088318
0.0035004466772079
-0.1178484037518501
0.0606744214892387
-0.0011668205261230
-0.2356968075037003
-0.2987048625946045
0.0338376611471176
-0.0735094025731087
-0.1248493045568466
-0.0011668205261230
-0.0723425820469856
0.1493524312973022
-0.0163354221731424
-0.1843568980693817
-0.1388510912656784
-0.0350044779479504
0.0641748756170273
-0.2053595930337906
-0.0746762156486511
-0.0653416886925697
-0.1213488504290581
0.0466726273298264
0.1855237185955048
0.1540196835994720
-0.2555326819419861
-0.1166815906763077
-0.0011668205261230
0.2030259519815445
-0.1925246119499207
-0.1680214852094650
0.0373381078243256
0.1026797965168953
-0.0081677120178938
-0.0770098417997360
-0.0501730814576149
0.0081677110865712
-0.1761891841888428
-0.0595076121389866
0.0361712872982025
0.0548403486609459
-0.1715219318866730
0.0093345195055008
-0.0618412420153618
0.0781766623258591
-0.0513398982584476
-0.1610205918550491
-0.0350044742226601
0.0420053750276566
0.0933452695608139
-0.0933452695608139
-0.0490062646567822
-0.0863443762063980
-0.1983586847782135
0.0478394478559494
0.1528528779745102
0.1820232719182968
-0.1575201451778412
-0.0490062609314919
0.1050134301185608
0.0910116359591484
0.1960250586271286
0.1190152168273926
0.0093345344066620
0.0140017867088318
0.0793434754014015
-0.0466726347804070
0.1061802357435226
0.0385049208998680
-0.2321963608264923
-0.2987048625946045
-0.0023336317390203
0.0630080550909042
0.0058340784162283
-0.0011668205261230
-0.0735094025731087
0.1178483963012695
0.0338376611471176
-0.1190152168273926
-0.2566995024681091
0.0525067113339901
0.1645210385322571
-0.2438645064830780
-0.0046672634780407
-0.0560071617364883
-0.0443390049040318
0.0758430287241936
0.0116681605577469
0.1703551113605499
-0.2496985942125320
-0.0595076121389866
-0.0011668205261230
0.1948582530021667
-0.1108475103974342
-0.2251954674720764
-0.0268367659300566
0.1598537713289261
-0.0128349754959345
-0.1481856107711792
0.0233363211154938
0.0373381078243256
-0.1481856107711792
-0.1505192518234253
0.0396717339754105
0.0828439295291901
-0.1271829307079315
0.0735093951225281
-0.1155147701501846
0.1213488429784775
-0.0443390049040318
-0.2333631813526154
-0.0735093951225281
0.1598537862300873
-0.0093345269560814
-0.1808564662933350
0.0513399019837379
-0.1785228252410889
-0.1493524312973022
0.1131811365485191
0.1680214852094650
0.1890241801738739
-0.2380304336547852
-0.0256699472665787
0.1645210385322571
0.1271829307079315
0.1563533246517181
0.1341838240623474
-0.0536735281348228
0.0361712872982025
0.2368636131286621
-0.1423515379428864
0.1575201451778412
0.0991793423891068
-0.1936914324760437
-0.1551865041255951
-0.0758430287241936
0.1026797965168953
0.0000000000000000
0.1330170035362244
-0.1085138767957687
0.0991793498396873
-0.0128349736332893
-0.1528528779745102
-0.2438645064830780
0.0361712910234928
0.1388510912656784
-0.0641748756170273
0.0105013428255916
0.0466726347804070
-0.0781766623258591
0.1458519846200943
0.0163354128599167
0.2158609330654144
-0.2135273069143295
-0.1120143234729767
0.0256699472665787
0.1516860574483871
-0.0723425820469856
-0.1925246119499207
-0.0606744289398193
0.1178484037518501
0.0105013418942690
-0.1388510763645172
-0.0151686072349548
-0.0081677110865712
-0.1341838240623474
-0.1668546795845032
0.0455058142542839
0.1563533246517181
-0.1318501979112625
0.0816771090030670
-0.1563533246517181
0.0443390011787415
0.0070008952170610
-0.1960250735282898
-0.0431721881031990
0.0280035845935345
-0.0758430361747742
-0.1096806898713112
-0.0676753222942352
-0.0956789031624794
-0.1470187902450562
0.0011668130755424
0.1155147701501846
0.0513398982584476
-0.1925246119499207
-0.0711757689714432
0.1213488429784775
0.1411847174167633
0.1260161101818085
0.2310295403003693
-0.0991793423891068
-0.0688421353697777
0.2170277535915375
-0.1948582530021667
0.1680214852094650
0.0723425820469856
-0.1691883057355881
-0.1073470562696457
-0.0280035808682442
0.0863443687558174
