1.1899254322052002
0.3245251178741455
0.7932836413383484
0.8654003143310547
0.9375170469284058
-0.3245251178741455
0.1081750392913818
-0.0360583476722240
-0.3245251178741455
0.3245251178741455
-0.2884667813777924
0.6851086020469666
0.3605834841728210
-0.2163500785827637
-0.1442333906888962
0.1081750392913818
-0.0000000000000000
0.0360583476722240
-0.2524084448814392
0.2163500785827637
-0.1442333906888962
-0.2163500785827637
0.0360583476722240
0.2163500785827637
0.1081750392913818
-0.2163500785827637
-0.4687585234642029
0.0000000000000000
-0.0360583476722240
0.1802917420864105
0.1802917420864105
-0.0000000000000000
-0.1442333906888962
0.2524084448814392
0.0360583476722240
0.4327001571655273
-0.1442333906888962
-0.2163500785827637
0.4687585234642029
-0.0000000000000000
-0.1081750392913818
-0.0721166953444481
-0.1442333906888962
0.1442333906888962
-0.0721166953444481
0.1802917420864105
0.2884667813777924
-0.0360583476722240
0.1081750392913818
0.2163500785827637
0.5048168897628784
0.2884667813777924
-0.1802917420864105
-0.0360583476722240
0.2524084448814392
-0.1802917420864105
0.2884667813777924
0.1802917420864105
-0.1802917420864105
0.3605834841728210
0.1081750392913818
-0.1442333906888962
0.2524084448814392
-0.0360583476722240
0.2524084448814392
-0.2884667813777924
0.4327001571655273
0.1802917420864105
0.1442333906888962
0.4687585234642029
0.3966418206691742
-0.3245251178741455
0.1802917420864105
0.0000000000000000
0.1081750392913818
0.7211669683456421
0.3605834841728210
-0.0360583476722240
-0.0000000000000000
-0.2884667813777924
0.0360583476722240
0.1802917420864105
0.2884667813777924
0.3245251178741455
-0.1802917420864105
0.0721166953444481
0.5048168897628784
-0.0360583476722240
0.0360583476722240
0.0721166953444481
0.0360583476722240
0.4687585234642029
0.0360583476722240
-0.2524084448814392
0.2884667813777924
-0.1442333906888962
-0.0000000000000000
0.3605834841728210
0.0360583476722240
0.1442333906888962
-0.3966418206691742
-0.1081750392913818
0.2884667813777924
-0.1442333906888962
-0.1442333906888962
0.1442333906888962
-0.4327001571655273
0.2163500785827637
-0.0360583476722240
0.1442333906888962
0.3605834841728210
-0.0360583476722240
0.1442333906888962
0.1802917420864105
0.0721166953444481
0.2524084448814392
-0.1442333906888962
-0.1081750392913818
0.2524084448814392
-0.0721166953444481
-0.0360583476722240
0.0721166953444481
-0.3966418206691742
0.1442333906888962
-0.0000000000000000
0.2884667813777924
0.2524084448814392
0.0721166953444481
0.2884667813777924
-0.1081750392913818
-0.3605834841728210
0.1802917420864105
-0.3605834841728210
-0.1081750392913818
0.1081750392913818
0.1081750392913818
0.0360583476722240
0.0360583476722240
-0.2524084448814392
-0.1081750392913818
0.0000000000000000
0.2884667813777924
0.2163500785827637
-0.1442333906888962
0.5408751964569092
-0.6851086020469666
-1.0456920862197876
-0.3966418206691742
0.1081750392913818
-0.1802917420864105
-1.8389757871627808
0.5408751964569092
-0.1081750392913818
0.7211669683456421
0.2884667813777924
0.5408751964569092
0.6490502357482910
-0.0360583476722240
0.3245251178741455
-1.0096337795257568
0.7572252750396729
-0.5048168897628784
-0.4687585234642029
-0.9375170469284058
1.0456920862197876
0.0721166953444481
-0.7211669683456421
-0.3605834841728210
0.5408751964569092
0.2163500785827637
-1.0096337795257568
0.1442333906888962
0.6851086020469666
0.7572252750396729
-0.1081750392913818
0.2163500785827637
0.5408751964569092
-0.3245251178741455
-0.0360583476722240
-0.9375170469284058
0.5769335627555847
-0.3605834841728210
0.0000000000000000
0.3245251178741455
0.2163500785827637
-0.2884667813777924
-1.3341588973999023
-0.5408751964569092
0.0721166953444481
1.1899254322052002
-0.6129919290542603
0.6490502357482910
0.3245251178741455
-0.4687585234642029
-0.5408751964569092
-0.6129919290542603
-0.0360583476722240
-0.2163500785827637
-0.3966418206691742
0.4327001571655273
0.3605834841728210
-0.6490502357482910
-1.3341588973999023
-0.4687585234642029
-0.2884667813777924
1.0817503929138184
-0.0360583476722240
0.2163500785827637
-0.1081750392913818
-0.3605834841728210
-1.1538671255111694
0.1081750392913818
-0.5769335627555847
-0.3245251178741455
-0.7572252750396729
0.7572252750396729
0.0721166953444481
-0.4687585234642029
-0.4687585234642029
-0.2163500785827637
-0.1802917420864105
0.3966418206691742
0.5408751964569092
-0.9014586806297302
0.1802917420864105
0.1081750392913818
-0.4327001571655273
0.1081750392913818
-0.1081750392913818
0.2524084448814392
0.0360583476722240
-0.0360583476722240
0.2884667813777924
-0.1802917420864105
-0.3966418206691742
-0.0360583476722240
0.2884667813777924
0.3605834841728210
0.2163500785827637
0.0360583476722240
-0.1081750392913818
-0.0721166953444481
-0.5048168897628784
0.2884667813777924
-0.4327001571655273
-0.3966418206691742
0.0360583476722240
0.0360583476722240
0.1442333906888962
0.0360583476722240
-0.3966418206691742
0.1802917420864105
0.0721166953444481
0.4327001571655273
0.4687585234642029
-0.0000000000000000
-0.3966418206691742
0.7932836413383484
1.3341588973999023
0.9375170469284058
0.1081750392913818
-0.6490502357482910
-0.8654003143310547
0.5048168897628784
-0.2884667813777924
-0.0721166953444481
0.2524084448814392
0.2524084448814392
-0.2163500785827637
0.1802917420864105
0.5048168897628784
0.0721166953444481
-0.9014586806297302
0.7211669683456421
0.4327001571655273
1.4423339366912842
0.9735754132270813
-0.6851086020469666
0.2884667813777924
1.1538671255111694
-0.8654003143310547
-0.8654003143310547
0.2524084448814392
-0.8293420076370239
-0.1442333906888962
0.3245251178741455
-1.5144505500793457
0.4327001571655273
-0.2524084448814392
1.0456920862197876
-0.0721166953444481
1.0096337795257568
0.5048168897628784
-0.4327001571655273
-0.3966418206691742
0.2524084448814392
0.0721166953444481
-0.6851086020469666
0.1081750392913818
-0.0721166953444481
-0.5048168897628784
-1.0096337795257568
-0.5048168897628784
-0.9375170469284058
0.9014586806297302
0.5408751964569092
1.5144505500793457
1.5505089759826660
0.6129919290542603
-0.1442333906888962
0.1081750392913818
1.1178088188171387
-0.0360583476722240
0.2884667813777924
0.4687585234642029
1.4423339366912842
-0.2884667813777924
-0.5769335627555847
-1.5144505500793457
-0.2524084448814392
1.3341588973999023
0.5408751964569092
1.1178088188171387
0.1081750392913818
1.1899254322052002
0.2884667813777924
0.3605834841728210
-1.6586840152740479
-0.1081750392913818
0.2884667813777924
-0.0360583476722240
0.6129919290542603
0.9735754132270813
-0.1081750392913818
0.1081750392913818
1.0456920862197876
-0.2884667813777924
-0.0721166953444481
-0.3605834841728210
0.1802917420864105
-0.2163500785827637
-0.4687585234642029
-0.0360583476722240
0.3966418206691742
0.0000000000000000
-0.0721166953444481
-0.4687585234642029
0.0360583476722240
-0.1442333906888962
0.4327001571655273
0.5048168897628784
-0.3245251178741455
0.0360583476722240
0.3245251178741455
0.2163500785827637
-0.0000000000000000
0.0721166953444481
0.2524084448814392
0.1802917420864105
-0.2524084448814392
0.2884667813777924
-0.1442333906888962
-0.0721166953444481
0.3966418206691742
0.2524084448814392
0.5048168897628784
-0.2163500785827637
-0.0721166953444481
0.0360583476722240
0.1802917420864105
-0.2884667813777924
-0.2524084448814392
0.0360583476722240
-0.7572252750396729
-0.3605834841728210
0.0360583476722240
-0.3966418206691742
0.4687585234642029
0.1442333906888962
-0.3245251178741455
-0.3245251178741455
-0.5408751964569092
0.3605834841728210
0.0721166953444481
0.0360583476722240
0.4327001571655273
-0.5769335627555847
-0.1802917420864105
0.0721166953444481
-0.7932836413383484
0.3966418206691742
-0.1081750392913818
-0.2163500785827637
0.2524084448814392
-0.2163500785827637
-0.4327001571655273
-0.3966418206691742
0.1081750392913818
0.9735754132270813
-0.4327001571655273
0.3605834841728210
0.1442333906888962
-0.4327001571655273
-0.5769335627555847
-0.4687585234642029
-0.5769335627555847
0.1081750392913818
-0.3245251178741455
0.2884667813777924
0.2524084448814392
0.1802917420864105
-0.7572252750396729
-0.0721166953444481
-0.0360583476722240
1.4062755107879639
-0.6490502357482910
-0.3605834841728210
1.5144505500793457
0.1802917420864105
1.1899254322052002
0.1802917420864105
-1.2620421648025513
-1.3341588973999023
0.6129919290542603
-0.7211669683456421
0.5408751964569092
0.6851086020469666
0.1802917420864105
0.3605834841728210
-1.2981004714965820
1.7308006286621094
-0.0360583476722240
0.3966418206691742
0.7211669683456421
-0.0721166953444481
-0.0000000000000000
0.3245251178741455
-0.6851086020469666
-0.1442333906888962
-0.2884667813777924
-0.2163500785827637
0.5408751964569092
-0.1081750392913818
-0.5769335627555847
-0.3966418206691742
-0.1081750392913818
0.5408751964569092
0.1442333906888962
0.2884667813777924
0.2884667813777924
0.3605834841728210
-0.0721166953444481
0.0721166953444481
0.0360583476722240
0.4687585234642029
-0.2884667813777924
0.5769335627555847
-0.0360583476722240
0.2524084448814392
0.0721166953444481
0.3605834841728210
-0.0360583476722240
-0.2163500785827637
0.2163500785827637
0.3605834841728210
0.2884667813777924
-0.0000000000000000
0.0360583476722240
0.0721166953444481
-0.0721166953444481
0.0360583476722240
-0.0721166953444481
0.1081750392913818
-0.2884667813777924
-0.3966418206691742
0.1802917420864105
-0.1081750392913818
0.3605834841728210
-0.4327001571655273
0.1802917420864105
0.1802917420864105
-0.2524084448814392
0.1442333906888962
0.1442333906888962
0.1442333906888962
0.4687585234642029
0.0000000000000000
-0.0360583476722240
0.1081750392913818
-0.6490502357482910
-0.1802917420864105
0.0721166953444481
0.1442333906888962
0.5408751964569092
-0.9014586806297302
0.1442333906888962
-0.1081750392913818
0.2163500785827637
-0.3245251178741455
0.2524084448814392
-0.1442333906888962
-0.3245251178741455
0.6851086020469666
-0.5048168897628784
-0.2524084448814392
-0.0721166953444481
-0.6490502357482910
0.4327001571655273
-0.2163500785827637
0.3605834841728210
0.2884667813777924
-1.0096337795257568
0.7932836413383484
0.5048168897628784
-0.7932836413383484
0.1442333906888962
-0.0721166953444481
-0.7211669683456421
0.2163500785827637
-1.5865672826766968
-0.4687585234642029
1.5144505500793457
-0.9014586806297302
2.1995592117309570
0.2524084448814392
0.2163500785827637
-0.1081750392913818
-0.9375170469284058
1.5505089759826660
1.3341588973999023
0.9014586806297302
0.7572252750396729
1.1538671255111694
1.0456920862197876
0.9735754132270813
-1.6226255893707275
-0.4687585234642029
0.0360583476722240
0.9014586806297302
1.1899254322052002
0.2884667813777924
-0.1081750392913818
-0.1802917420864105
-0.4687585234642029
0.1442333906888962
-0.2884667813777924
0.1442333906888962
-0.0360583476722240
0.1081750392913818
0.0721166953444481
-0.3605834841728210
0.0000000000000000
0.1081750392913818
-0.6851086020469666
-0.0721166953444481
-0.1802917420864105
0.1081750392913818
0.3605834841728210
-0.7572252750396729
0.2524084448814392
0.3605834841728210
0.0721166953444481
-0.0000000000000000
0.1081750392913818
-0.0360583476722240
0.3245251178741455
0.0000000000000000
0.2163500785827637
0.1081750392913818
-0.2884667813777924
-0.3966418206691742
0.3605834841728210
-0.0360583476722240
0.5408751964569092
-0.6129919290542603
-0.0000000000000000
0.0721166953444481
-0.0360583476722240
0.0000000000000000
-0.1081750392913818
-0.1802917420864105
-0.2524084448814392
0.1442333906888962
0.1081750392913818
-0.2524084448814392
-0.1442333906888962
-0.6129919290542603
0.1442333906888962
-0.2884667813777924
0.4687585234642029
0.0721166953444481
0.0360583476722240
-0.1442333906888962
-0.6490502357482910
0.0360583476722240
-0.1442333906888962
-0.1442333906888962
0.3605834841728210
-0.0360583476722240
0.7932836413383484
0.0360583476722240
-0.5769335627555847
-1.0817503929138184
-0.1442333906888962
-0.2524084448814392
0.7211669683456421
-0.8293420076370239
0.5408751964569092
0.5408751964569092
-1.1538671255111694
-0.7572252750396729
-0.9014586806297302
0.3966418206691742
0.5408751964569092
-0.9375170469284058
0.6129919290542603
0.2163500785827637
0.1081750392913818
-0.4687585234642029
0.2884667813777924
0.8293420076370239
0.4687585234642029
-0.7932836413383484
-0.0360583476722240
0.3245251178741455
1.8750340938568115
1.0817503929138184
0.5769335627555847
-0.2884667813777924
0.9735754132270813
-0.8654003143310547
-0.4687585234642029
-0.5408751964569092
-0.5769335627555847
0.2884667813777924
0.1442333906888962
0.5769335627555847
-0.7932836413383484
0.2524084448814392
0.7572252750396729
0.5048168897628784
-0.8293420076370239
-0.5048168897628784
-0.5408751964569092
-0.1442333906888962
0.2884667813777924
-0.2524084448814392
0.3245251178741455
0.5769335627555847
-0.4327001571655273
-0.9735754132270813
-0.5048168897628784
-0.1802917420864105
0.6851086020469666
-0.3605834841728210
0.3245251178741455
0.0360583476722240
-0.7572252750396729
0.2163500785827637
-0.2163500785827637
-0.0000000000000000
0.2884667813777924
-0.2524084448814392
1.0817503929138184
-0.0000000000000000
-0.6129919290542603
-1.0817503929138184
-0.2884667813777924
-0.3245251178741455
0.7572252750396729
-0.9735754132270813
0.5769335627555847
-0.0360583476722240
0.0360583476722240
-0.1802917420864105
0.1442333906888962
-0.0360583476722240
-0.2884667813777924
-0.0360583476722240
0.3245251178741455
-0.3245251178741455
-0.1802917420864105
-0.8293420076370239
0.1081750392913818
-0.2524084448814392
0.5769335627555847
-0.1802917420864105
0.0360583476722240
-0.0000000000000000
-0.1442333906888962
0.0721166953444481
-0.0000000000000000
-0.1442333906888962
-0.1802917420864105
0.1442333906888962
0.0360583476722240
-0.2163500785827637
-0.1081750392913818
-0.5769335627555847
0.2524084448814392
-0.1802917420864105
0.2163500785827637
0.1081750392913818
-0.1081750392913818
-0.2524084448814392
-0.1802917420864105
-0.2163500785827637
0.2163500785827637
-0.2524084448814392
-0.2884667813777924
0.1081750392913818
-0.0721166953444481
-0.3245251178741455
-0.2524084448814392
-0.5408751964569092
0.5048168897628784
0.2524084448814392
0.2884667813777924
0.2524084448814392
-0.2884667813777924
-0.4327001571655273
0.5048168897628784
0.3966418206691742
0.9014586806297302
0.8654003143310547
-0.3605834841728210
0.1081750392913818
0.3245251178741455
0.8293420076370239
0.0360583476722240
-0.7932836413383484
1.0096337795257568
0.5769335627555847
-0.7211669683456421
0.1081750392913818
-0.4327001571655273
0.6851086020469666
0.2524084448814392
1.3702172040939331
0.3605834841728210
1.8389757871627808
0.5408751964569092
1.3341588973999023
-0.5408751964569092
-0.2524084448814392
0.4687585234642029
0.8654003143310547
0.5048168897628784
0.1081750392913818
-1.1899254322052002
-0.5408751964569092
-0.5408751964569092
-0.2884667813777924
-0.2884667813777924
-0.1442333906888962
-0.2884667813777924
0.2884667813777924
-0.2884667813777924
0.0721166953444481
-0.1442333906888962
-0.0721166953444481
0.2163500785827637
-0.3605834841728210
0.4327001571655273
0.1442333906888962
-0.2884667813777924
0.1081750392913818
-0.4687585234642029
-0.2884667813777924
0.1802917420864105
-0.2524084448814392
0.2163500785827637
0.1442333906888962
-0.4327001571655273
0.2884667813777924
-0.1442333906888962
-0.3245251178741455
-0.2524084448814392
-0.4687585234642029
0.6129919290542603
0.0721166953444481
0.2524084448814392
0.2163500785827637
-0.3966418206691742
0.1081750392913818
0.0000000000000000
-0.1081750392913818
0.2163500785827637
-0.0360583476722240
-0.2163500785827637
-0.1081750392913818
-0.0000000000000000
0.0721166953444481
0.0360583476722240
-0.3605834841728210
0.1802917420864105
0.0721166953444481
0.1081750392913818
0.2163500785827637
0.1081750392913818
0.6129919290542603
0.0000000000000000
0.5769335627555847
-0.2524084448814392
-0.2163500785827637
-0.3245251178741455
0.0360583476722240
1.0456920862197876
0.0721166953444481
-0.1802917420864105
0.1081750392913818
1.5505089759826660
0.3966418206691742
-0.2163500785827637
0.7211669683456421
0.0360583476722240
-0.0360583476722240
0.0721166953444481
0.1802917420864105
0.1081750392913818
-0.1802917420864105
-0.0721166953444481
-0.1442333906888962
-0.0360583476722240
-0.0000000000000000
0.1081750392913818
-0.3245251178741455
0.1081750392913818
-0.0000000000000000
-0.2884667813777924
0.1442333906888962
0.3605834841728210
0.0721166953444481
-0.2884667813777924
0.1442333906888962
-0.0721166953444481
-0.0360583476722240
-0.1802917420864105
0.1802917420864105
-0.1442333906888962
-0.0721166953444481
0.3966418206691742
-0.2884667813777924
0.1802917420864105
-0.0721166953444481
-0.1081750392913818
0.0360583476722240
0.0721166953444481
0.0360583476722240
-0.0000000000000000
0.0721166953444481
0.1081750392913818
-0.1802917420864105
-0.0000000000000000
0.2524084448814392
0.0721166953444481
-0.3245251178741455
0.1802917420864105
0.2163500785827637
0.2524084448814392
-0.2524084448814392
-0.0360583476722240
0.4327001571655273
0.3605834841728210
0.3605834841728210
0.1081750392913818
-0.1442333906888962
0.1081750392913818
-0.1081750392913818
-0.0721166953444481
0.2884667813777924
-0.3605834841728210
-0.5769335627555847
-0.0360583476722240
0.3966418206691742
0.3605834841728210
-0.6129919290542603
-0.1081750392913818
0.5769335627555847
0.1442333906888962
0.1081750392913818
-0.1442333906888962
-0.0360583476722240
-0.0360583476722240
-0.1442333906888962
0.0360583476722240
0.1442333906888962
-0.3966418206691742
-0.3966418206691742
0.1442333906888962
0.2163500785827637
0.2163500785827637
-0.3605834841728210
-0.0360583476722240
0.2884667813777924
0.1442333906888962
0.0360583476722240
0.0000000000000000
0.1442333906888962
0.1081750392913818
-0.0000000000000000
-0.0360583476722240
-0.2163500785827637
-0.1442333906888962
-0.2163500785827637
0.2163500785827637
-0.1802917420864105
0.3245251178741455
-0.1802917420864105
-0.1802917420864105
-0.0721166953444481
0.2163500785827637
-0.0000000000000000
0.0721166953444481
0.0721166953444481
0.0721166953444481
0.2524084448814392
0.0000000000000000
-0.1802917420864105
0.1442333906888962
0.0360583476722240
0.1802917420864105
-0.3966418206691742
0.2884667813777924
-0.0360583476722240
-0.2524084448814392
-0.0000000000000000
0.4687585234642029
-0.0721166953444481
-0.1442333906888962
0.0721166953444481
0.1081750392913818
-0.2524084448814392
0.1442333906888962
-0.0000000000000000
-0.0721166953444481
0.0721166953444481
0.3966418206691742
-0.5769335627555847
-0.0360583476722240
0.2524084448814392
-0.0721166953444481
-0.0360583476722240
-0.1802917420864105
-0.3245251178741455
0.0721166953444481
0.5769335627555847
0.0360583476722240
-0.3966418206691742
0.9735754132270813
0.6851086020469666
0.3605834841728210
0.2884667813777924
1.2620421648025513
-0.9014586806297302
-0.6129919290542603
0.8654003143310547
-0.3245251178741455
0.5048168897628784
-0.2524084448814392
-0.8293420076370239
-0.2163500785827637
-0.7572252750396729
0.5408751964569092
-0.3966418206691742
0.0000000000000000
-0.7572252750396729
-0.1802917420864105
0.6851086020469666
0.7932836413383484
-0.9735754132270813
0.3966418206691742
0.1081750392913818
-0.4327001571655273
0.1802917420864105
1.2620421648025513
-0.0721166953444481
-0.3245251178741455
-0.9735754132270813
0.6851086020469666
0.2884667813777924
-0.4327001571655273
-1.6947423219680786
-0.1802917420864105
0.3605834841728210
-0.0360583476722240
-0.5769335627555847
0.2884667813777924
0.3966418206691742
-0.9375170469284058
-0.8293420076370239
0.7932836413383484
-0.3245251178741455
-0.0721166953444481
-0.4327001571655273
0.5048168897628784
0.0721166953444481
-0.0360583476722240
-1.2620421648025513
-0.5408751964569092
-0.0360583476722240
0.6129919290542603
-0.7572252750396729
-0.1442333906888962
0.3605834841728210
-0.9014586806297302
-0.7932836413383484
0.4687585234642029
-0.5769335627555847
-0.2524084448814392
0.0721166953444481
-0.2163500785827637
-0.2884667813777924
0.3605834841728210
0.4327001571655273
-0.5408751964569092
-0.3245251178741455
0.6490502357482910
-0.7932836413383484
-0.0721166953444481
0.6851086020469666
-0.1081750392913818
-0.2884667813777924
-0.7932836413383484
-0.2884667813777924
-0.0360583476722240
0.1442333906888962
-0.0360583476722240
-0.0360583476722240
0.2884667813777924
-0.2884667813777924
-0.0360583476722240
-0.0721166953444481
0.4687585234642029
-0.7572252750396729
-0.1081750392913818
0.1442333906888962
-0.0721166953444481
0.1442333906888962
0.2884667813777924
-0.1081750392913818
0.0721166953444481
-0.0721166953444481
0.0360583476722240
-0.1081750392913818
-0.3605834841728210
-0.1442333906888962
-0.2524084448814392
-0.1081750392913818
0.0721166953444481
-0.1081750392913818
0.1442333906888962
-0.2163500785827637
-0.3245251178741455
0.1081750392913818
0.2524084448814392
-0.0721166953444481
0.1442333906888962
0.5408751964569092
-0.3605834841728210
0.9014586806297302
-2.1274425983428955
0.5408751964569092
0.3245251178741455
-0.2524084448814392
0.1442333906888962
1.3341588973999023
2.0192675590515137
-0.0000000000000000
-0.5048168897628784
0.5769335627555847
-0.0360583476722240
0.2884667813777924
0.1802917420864105
0.1442333906888962
-0.9014586806297302
0.5408751964569092
-0.7572252750396729
0.5048168897628784
0.5048168897628784
0.0360583476722240
-0.9375170469284058
0.8654003143310547
1.6947423219680786
0.3966418206691742
-0.0360583476722240
-0.1802917420864105
-1.3702172040939331
0.3605834841728210
0.9375170469284058
0.3245251178741455
-1.8029173612594604
-0.5408751964569092
-0.9014586806297302
1.5144505500793457
-0.1442333906888962
0.8293420076370239
-0.7211669683456421
1.3702172040939331
0.9375170469284058
1.2620421648025513
0.6129919290542603
-0.2163500785827637
-1.6947423219680786
1.4062755107879639
0.0360583476722240
0.6851086020469666
-1.1538671255111694
-0.3245251178741455
-1.0096337795257568
1.8389757871627808
0.6129919290542603
0.7932836413383484
-0.1802917420864105
0.6490502357482910
1.0456920862197876
0.6129919290542603
-0.0360583476722240
0.6851086020469666
-0.7211669683456421
0.5769335627555847
1.0817503929138184
-0.7572252750396729
-0.5048168897628784
1.1899254322052002
-1.7308006286621094
-1.2620421648025513
0.8654003143310547
0.3605834841728210
-0.9014586806297302
1.6226255893707275
2.3437926769256592
-0.5408751964569092
-0.4687585234642029
1.4423339366912842
0.7572252750396729
-0.1802917420864105
-0.0000000000000000
-0.2524084448814392
0.0360583476722240
-0.0360583476722240
-0.5408751964569092
0.0000000000000000
-0.2884667813777924
-0.2163500785827637
0.2163500785827637
-0.0360583476722240
0.4327001571655273
-0.2163500785827637
-0.3605834841728210
-0.0360583476722240
0.2163500785827637
0.0360583476722240
-0.1081750392913818
-0.0721166953444481
-0.0721166953444481
0.1442333906888962
-0.0721166953444481
-0.1081750392913818
-0.0721166953444481
-0.1081750392913818
0.2163500785827637
0.0000000000000000
0.2163500785827637
-0.0721166953444481
0.0000000000000000
-0.1442333906888962
0.2163500785827637
-0.6490502357482910
-0.7572252750396729
0.1442333906888962
0.1081750392913818
-0.2163500785827637
-0.2163500785827637
-0.4687585234642029
-0.0721166953444481
-0.1802917420864105
-0.5769335627555847
0.3245251178741455
-0.3966418206691742
0.5769335627555847
-0.1442333906888962
-0.3966418206691742
-0.0360583476722240
-0.7211669683456421
-1.4062755107879639
0.1081750392913818
-0.4327001571655273
-0.1081750392913818
0.0000000000000000
-0.7211669683456421
-0.2524084448814392
-0.5769335627555847
-0.0721166953444481
-0.6851086020469666
-0.6490502357482910
0.0000000000000000
-0.2163500785827637
-0.5048168897628784
0.9014586806297302
0.2524084448814392
-1.3702172040939331
0.1802917420864105
-0.3966418206691742
-0.5408751964569092
-0.1442333906888962
-0.9735754132270813
-0.9014586806297302
-0.5048168897628784
0.8654003143310547
-0.3605834841728210
-0.5048168897628784
-0.3605834841728210
-0.1081750392913818
0.3966418206691742
0.3605834841728210
-0.2884667813777924
-0.5408751964569092
1.8029173612594604
-0.5048168897628784
-1.5505089759826660
0.3245251178741455
1.0817503929138184
0.9014586806297302
0.2884667813777924
-0.6490502357482910
-0.7932836413383484
0.5769335627555847
0.7211669683456421
-0.6851086020469666
-0.2163500785827637
-0.7211669683456421
-0.4687585234642029
-0.9014586806297302
0.1081750392913818
0.0000000000000000
0.0721166953444481
-0.5769335627555847
-0.6851086020469666
0.4327001571655273
-0.2524084448814392
-0.7211669683456421
0.3966418206691742
0.4327001571655273
0.6490502357482910
0.1442333906888962
-0.1802917420864105
0.1442333906888962
-0.3605834841728210
-0.3966418206691742
-0.2163500785827637
-0.0000000000000000
-0.6490502357482910
-0.2884667813777924
-0.1442333906888962
0.0000000000000000
-0.1442333906888962
-0.1442333906888962
0.4327001571655273
-0.1802917420864105
-0.1442333906888962
0.0360583476722240
0.1442333906888962
0.1802917420864105
-0.1081750392913818
-0.1081750392913818
-0.1081750392913818
-0.0721166953444481
0.0000000000000000
-0.0000000000000000
-0.2884667813777924
0.2524084448814392
0.2524084448814392
-0.0360583476722240
-0.0360583476722240
0.1802917420864105
0.1081750392913818
-0.1081750392913818
-0.4687585234642029
0.2884667813777924
-0.3245251178741455
0.1802917420864105
-0.2884667813777924
0.0360583476722240
-0.3605834841728210
0.1802917420864105
-0.7572252750396729
-0.1081750392913818
-0.5048168897628784
-0.3245251178741455
0.3245251178741455
-0.3966418206691742
-0.1802917420864105
-0.3245251178741455
-0.1802917420864105
0.3966418206691742
0.2884667813777924
-0.3245251178741455
-0.2163500785827637
-0.3245251178741455
-0.1442333906888962
0.7572252750396729
0.0000000000000000
-0.3966418206691742
-0.6129919290542603
-0.1802917420864105
-0.5408751964569092
-0.3966418206691742
-0.0360583476722240
-0.0721166953444481
-0.7572252750396729
0.5769335627555847
0.8654003143310547
0.0721166953444481
0.1442333906888962
-0.6490502357482910
0.4687585234642029
0.8293420076370239
0.2884667813777924
0.2884667813777924
0.3966418206691742
0.1081750392913818
-1.8029173612594604
-0.8654003143310547
0.4327001571655273
-0.1442333906888962
-0.1802917420864105
1.6947423219680786
2.0913841724395752
0.8293420076370239
-0.1442333906888962
-0.6851086020469666
0.4327001571655273
0.5769335627555847
-0.2524084448814392
0.2163500785827637
-0.0721166953444481
-1.1899254322052002
0.5048168897628784
1.2620421648025513
-0.8293420076370239
0.5769335627555847
1.5144505500793457
0.1802917420864105
-0.5048168897628784
0.0721166953444481
0.0360583476722240
-0.0360583476722240
-0.2884667813777924
0.1802917420864105
-0.6851086020469666
0.1442333906888962
-0.3966418206691742
-0.2163500785827637
0.2163500785827637
-0.4687585234642029
-0.0721166953444481
-0.3605834841728210
-0.0000000000000000
0.2884667813777924
0.0721166953444481
0.5408751964569092
-0.2884667813777924
0.1081750392913818
0.2524084448814392
0.0721166953444481
-0.3245251178741455
0.0360583476722240
-0.1081750392913818
0.1081750392913818
-0.0721166953444481
-0.0360583476722240
-0.0721166953444481
-0.4327001571655273
-0.3245251178741455
0.2163500785827637
0.1802917420864105
0.3245251178741455
0.0000000000000000
0.1442333906888962
0.2163500785827637
-0.1442333906888962
-0.1081750392913818
-0.0721166953444481
0.0360583476722240
0.2163500785827637
-0.1081750392913818
0.2884667813777924
-0.0360583476722240
-0.3605834841728210
-0.3605834841728210
0.2884667813777924
-0.3245251178741455
0.4327001571655273
-0.4687585234642029
0.6851086020469666
0.1802917420864105
-0.3605834841728210
-0.6490502357482910
-0.2884667813777924
0.1081750392913818
0.4327001571655273
-0.0360583476722240
0.0360583476722240
-0.0721166953444481
-0.6490502357482910
-0.5408751964569092
0.2884667813777924
-0.4687585234642029
0.0000000000000000
0.0360583476722240
0.6129919290542603
-0.0360583476722240
0.5408751964569092
-0.8654003143310547
0.0360583476722240
0.1081750392913818
0.8293420076370239
-0.3605834841728210
-0.7932836413383484
-0.0360583476722240
-0.5769335627555847
0.2884667813777924
0.6490502357482910
0.0721166953444481
0.1081750392913818
0.9014586806297302
0.4687585234642029
-0.6129919290542603
0.1081750392913818
-0.3966418206691742
0.9735754132270813
1.2981004714965820
-0.6851086020469666
-0.0000000000000000
0.6129919290542603
0.3245251178741455
-0.1442333906888962
-0.4327001571655273
-1.0096337795257568
-0.6851086020469666
-0.3245251178741455
-0.1802917420864105
0.7932836413383484
-0.2524084448814392
-0.2884667813777924
-1.1538671255111694
-0.3966418206691742
0.2163500785827637
0.4327001571655273
-0.5048168897628784
-0.5769335627555847
0.1802917420864105
-0.6490502357482910
-0.3966418206691742
0.2524084448814392
-0.5408751964569092
0.3966418206691742
-0.3605834841728210
0.6851086020469666
0.3245251178741455
-0.5408751964569092
-0.7211669683456421
-0.2884667813777924
0.0360583476722240
0.3605834841728210
0.0360583476722240
0.0721166953444481
-0.0721166953444481
-0.8293420076370239
-0.5769335627555847
0.3605834841728210
0.0721166953444481
0.2884667813777924
0.0360583476722240
0.1081750392913818
0.0360583476722240
-0.2524084448814392
-0.0721166953444481
0.0360583476722240
0.1802917420864105
0.3245251178741455
-0.2163500785827637
0.2884667813777924
0.3605834841728210
-0.5408751964569092
-0.4687585234642029
0.2163500785827637
0.0000000000000000
-0.0721166953444481
-0.0360583476722240
0.1442333906888962
0.1802917420864105
-0.0721166953444481
0.0360583476722240
-0.0721166953444481
0.0000000000000000
0.2163500785827637
-0.4327001571655273
0.1442333906888962
0.2524084448814392
-0.2884667813777924
0.0360583476722240
0.2163500785827637
0.5048168897628784
0.1442333906888962
0.0721166953444481
0.1802917420864105
0.1802917420864105
-0.0000000000000000
0.5408751964569092
-0.1802917420864105
0.1081750392913818
0.4687585234642029
-0.1802917420864105
0.1802917420864105
0.0721166953444481
-0.3605834841728210
0.0360583476722240
0.0000000000000000
-0.4687585234642029
-0.2163500785827637
0.2884667813777924
-1.3341588973999023
-0.2884667813777924
-0.9375170469284058
1.2981004714965820
0.3605834841728210
-1.0817503929138184
-0.2163500785827637
0.6851086020469666
1.6226255893707275
0.7572252750396729
-0.1802917420864105
0.2884667813777924
-0.0721166953444481
1.3341588973999023
0.6490502357482910
-0.7932836413383484
-0.8654003143310547
-0.2163500785827637
-1.1178088188171387
0.4687585234642029
-0.4327001571655273
-0.2524084448814392
-1.1538671255111694
1.4062755107879639
1.3341588973999023
-0.4327001571655273
0.6129919290542603
1.2259838581085205
-0.1081750392913818
0.2524084448814392
0.1802917420864105
-0.3966418206691742
-0.2524084448814392
-0.1081750392913818
-0.2884667813777924
0.1081750392913818
-0.6129919290542603
-0.0721166953444481
0.1442333906888962
-0.0721166953444481
-0.1802917420864105
0.2163500785827637
-0.3245251178741455
-0.0721166953444481
0.7211669683456421
0.2884667813777924
0.1802917420864105
0.1081750392913818
-0.0360583476722240
0.1081750392913818
0.0360583476722240
0.6490502357482910
-0.0360583476722240
0.0360583476722240
0.3605834841728210
-0.0721166953444481
0.1442333906888962
0.0721166953444481
-0.2163500785827637
-0.2163500785827637
0.1802917420864105
-0.1802917420864105
-0.1081750392913818
0.0721166953444481
-0.0360583476722240
-0.2884667813777924
0.0721166953444481
-0.0721166953444481
0.1081750392913818
0.0721166953444481
0.1802917420864105
-0.4327001571655273
0.2163500785827637
0.0721166953444481
-0.3605834841728210
0.1442333906888962
0.3966418206691742
0.1442333906888962
-0.7932836413383484
-0.3966418206691742
-0.5048168897628784
0.9014586806297302
0.0360583476722240
-0.1802917420864105
-0.0721166953444481
0.4687585234642029
-0.9735754132270813
0.2163500785827637
0.1081750392913818
0.1081750392913818
-0.5408751964569092
0.3605834841728210
0.0360583476722240
0.3605834841728210
-0.0721166953444481
-0.3605834841728210
-0.3245251178741455
0.3245251178741455
0.1081750392913818
0.0360583476722240
0.0360583476722240
0.2524084448814392
-0.0360583476722240
-0.2163500785827637
0.1802917420864105
0.1802917420864105
0.1081750392913818
-0.1081750392913818
0.0721166953444481
0.5408751964569092
-0.2884667813777924
-0.2884667813777924
0.1081750392913818
-0.1081750392913818
0.1442333906888962
-0.1442333906888962
-0.0721166953444481
0.0721166953444481
-0.0360583476722240
-0.0360583476722240
0.0721166953444481
0.1802917420864105
0.1442333906888962
0.1802917420864105
-0.2524084448814392
0.0360583476722240
-0.1802917420864105
-0.4327001571655273
-0.0721166953444481
0.2163500785827637
0.1081750392913818
-0.1442333906888962
-0.0000000000000000
0.5048168897628784
0.0000000000000000
-0.4687585234642029
0.2163500785827637
0.3245251178741455
0.1442333906888962
0.0721166953444481
-0.1081750392913818
-0.3245251178741455
-0.1442333906888962
-0.4327001571655273
0.0000000000000000
0.2884667813777924
-0.0360583476722240
-0.3605834841728210
-0.1442333906888962
0.0360583476722240
-0.0721166953444481
0.1802917420864105
0.5048168897628784
0.5408751964569092
-0.5408751964569092
-0.1802917420864105
-0.1081750392913818
0.1081750392913818
-0.5769335627555847
-0.5408751964569092
0.1442333906888962
0.1802917420864105
0.1081750392913818
-0.3605834841728210
-0.1081750392913818
0.2884667813777924
0.0721166953444481
-0.2163500785827637
0.5048168897628784
0.3605834841728210
0.0721166953444481
-0.1802917420864105
0.0000000000000000
0.4327001571655273
-0.2884667813777924
-0.3966418206691742
-0.1081750392913818
0.0721166953444481
0.1081750392913818
0.0000000000000000
-0.0360583476722240
0.2524084448814392
0.1442333906888962
-0.2524084448814392
0.1802917420864105
0.0721166953444481
0.2884667813777924
0.1442333906888962
-0.0000000000000000
0.5048168897628784
0.0360583476722240
-0.4687585234642029
-0.1802917420864105
0.1081750392913818
0.1802917420864105
0.0721166953444481
0.2524084448814392
0.2884667813777924
0.0360583476722240
-0.2524084448814392
0.1081750392913818
0.2163500785827637
0.0721166953444481
0.2163500785827637
-0.0360583476722240
0.5408751964569092
0.0721166953444481
-0.5408751964569092
-0.1442333906888962
-0.0360583476722240
0.1802917420864105
-0.0000000000000000
0.1442333906888962
-0.0000000000000000
-0.2884667813777924
-0.1081750392913818
0.2163500785827637
0.5769335627555847
0.3966418206691742
0.1081750392913818
0.1081750392913818
0.2524084448814392
1.1899254322052002
-0.4687585234642029
-0.4327001571655273
-0.0721166953444481
-0.0360583476722240
-0.4327001571655273
0.6129919290542603
-1.0817503929138184
-1.9471508264541626
-0.0721166953444481
0.6129919290542603
-0.1081750392913818
0.3966418206691742
0.1442333906888962
0.0360583476722240
0.3245251178741455
0.3605834841728210
0.1802917420864105
-1.1178088188171387
0.0000000000000000
0.4327001571655273
-0.0360583476722240
-0.1442333906888962
-0.1442333906888962
-0.3966418206691742
0.3605834841728210
-0.2884667813777924
-0.2163500785827637
0.0360583476722240
0.1802917420864105
-0.0360583476722240
-0.1442333906888962
-0.6490502357482910
0.3245251178741455
-0.1802917420864105
0.7932836413383484
0.6851086020469666
-0.1081750392913818
-0.1442333906888962
0.2884667813777924
0.6129919290542603
-0.5048168897628784
-0.5408751964569092
0.1802917420864105
0.1442333906888962
-0.1442333906888962
0.4687585234642029
0.0360583476722240
-0.4327001571655273
-0.0721166953444481
-0.3966418206691742
0.6490502357482910
0.6129919290542603
0.2884667813777924
0.1442333906888962
0.1802917420864105
0.1802917420864105
-0.6129919290542603
-0.2163500785827637
0.1802917420864105
0.2524084448814392
-0.2524084448814392
0.4327001571655273
0.5769335627555847
-0.0721166953444481
-0.5408751964569092
-0.0721166953444481
-0.0721166953444481
-0.1081750392913818
0.0000000000000000
0.6851086020469666
-0.2163500785827637
-0.6129919290542603
-0.0721166953444481
0.7211669683456421
0.2524084448814392
0.1081750392913818
0.1081750392913818
0.5769335627555847
0.5048168897628784
0.0721166953444481
-0.4687585234642029
-0.3966418206691742
0.0000000000000000
0.1081750392913818
0.0360583476722240
0.1442333906888962
-0.0360583476722240
-0.4687585234642029
-0.2524084448814392
0.1802917420864105
0.5048168897628784
0.4327001571655273
0.0000000000000000
0.2163500785827637
0.4687585234642029
-0.0721166953444481
-0.3605834841728210
-0.4327001571655273
0.2524084448814392
-0.0721166953444481
0.1802917420864105
0.2163500785827637
0.0721166953444481
0.1802917420864105
-0.1081750392913818
0.5048168897628784
0.1442333906888962
-0.2524084448814392
0.0000000000000000
0.1081750392913818
-0.7211669683456421
-0.5048168897628784
1.0817503929138184
-0.8654003143310547
-0.6129919290542603
-1.3702172040939331
0.3966418206691742
-0.6851086020469666
1.3341588973999023
0.3966418206691742
1.0817503929138184
0.3966418206691742
-1.8389757871627808
-1.0817503929138184
0.2884667813777924
0.8654003143310547
0.1442333906888962
-1.3341588973999023
0.6129919290542603
0.6490502357482910
-0.1442333906888962
-0.0360583476722240
-0.2163500785827637
-0.6490502357482910
1.5865672826766968
0.6129919290542603
0.9375170469284058
-0.6851086020469666
-1.7668590545654297
-1.2620421648025513
0.5769335627555847
-0.7211669683456421
-0.0721166953444481
-1.4783922433853149
-0.7572252750396729
0.2884667813777924
-0.2524084448814392
0.3605834841728210
-0.5408751964569092
-0.4687585234642029
0.6129919290542603
0.0360583476722240
0.2884667813777924
0.6129919290542603
-0.4327001571655273
-0.0721166953444481
-0.6490502357482910
0.1081750392913818
-0.2524084448814392
-1.0456920862197876
-0.5769335627555847
0.5769335627555847
-0.1442333906888962
1.1538671255111694
-1.1538671255111694
-1.4423339366912842
0.2524084448814392
-0.8293420076370239
0.4687585234642029
0.1802917420864105
-0.6129919290542603
-0.0360583476722240
1.0817503929138184
-0.7932836413383484
-0.2884667813777924
-1.2620421648025513
-0.1442333906888962
-0.5408751964569092
0.7932836413383484
-0.7572252750396729
-0.4687585234642029
-0.2524084448814392
0.6129919290542603
0.3245251178741455
0.4327001571655273
0.7932836413383484
-0.1081750392913818
-0.6129919290542603
-0.5408751964569092
0.1802917420864105
0.6490502357482910
-0.1802917420864105
-0.2163500785827637
-0.5048168897628784
0.0360583476722240
-0.0721166953444481
0.0360583476722240
0.2884667813777924
-0.0721166953444481
0.2524084448814392
0.2524084448814392
0.3605834841728210
0.1081750392913818
-0.2884667813777924
-0.0721166953444481
0.2524084448814392
-0.0721166953444481
-0.3245251178741455
-0.1081750392913818
0.1442333906888962
0.0721166953444481
-0.0721166953444481
-0.0360583476722240
-0.1442333906888962
0.1442333906888962
-0.0000000000000000
-0.0721166953444481
0.2884667813777924
0.0721166953444481
0.0721166953444481
0.1802917420864105
0.2884667813777924
0.4327001571655273
-0.3966418206691742
0.6129919290542603
-0.0000000000000000
-0.2884667813777924
-0.5048168897628784
-0.0721166953444481
0.1442333906888962
-0.0360583476722240
0.3245251178741455
0.3966418206691742
0.5408751964569092
0.0360583476722240
0.9014586806297302
-0.9014586806297302
0.7932836413383484
0.8654003143310547
-0.0360583476722240
-0.0721166953444481
-0.1442333906888962
-0.6490502357482910
-0.6129919290542603
-0.3605834841728210
0.2524084448814392
-0.3245251178741455
0.1081750392913818
0.4687585234642029
0.1442333906888962
0.3605834841728210
0.0721166953444481
-0.7932836413383484
0.5769335627555847
0.4687585234642029
0.1081750392913818
-0.5408751964569092
0.1802917420864105
-0.2163500785827637
-0.0721166953444481
-0.3245251178741455
-0.1081750392913818
-0.5048168897628784
-0.5048168897628784
-0.3605834841728210
-0.0721166953444481
0.5769335627555847
0.3605834841728210
-0.6490502357482910
0.1802917420864105
0.8654003143310547
0.3605834841728210
1.1178088188171387
-1.0817503929138184
0.2163500785827637
-1.3702172040939331
0.0721166953444481
0.9014586806297302
1.0096337795257568
-0.6490502357482910
0.5769335627555847
-0.9014586806297302
-1.2981004714965820
-0.4327001571655273
0.0721166953444481
0.1802917420864105
0.3605834841728210
-0.8293420076370239
0.7572252750396729
0.3605834841728210
0.0721166953444481
-0.6129919290542603
0.1442333906888962
0.2524084448814392
0.1442333906888962
0.1442333906888962
0.5048168897628784
0.6490502357482910
-0.0721166953444481
0.5048168897628784
-0.6851086020469666
1.0456920862197876
-0.1081750392913818
-0.3966418206691742
0.0000000000000000
-0.0360583476722240
0.0360583476722240
0.2163500785827637
-0.2524084448814392
-0.1081750392913818
0.3245251178741455
0.2524084448814392
-0.1081750392913818
0.1081750392913818
-0.0000000000000000
0.2884667813777924
-0.0360583476722240
0.1081750392913818
-0.1802917420864105
-0.1802917420864105
-0.0360583476722240
-0.1442333906888962
0.5048168897628784
-0.0360583476722240
-0.0360583476722240
0.0360583476722240
0.3605834841728210
-0.1442333906888962
-0.1442333906888962
0.2163500785827637
-0.0360583476722240
-0.0721166953444481
-0.0721166953444481
0.2884667813777924
-0.5408751964569092
-0.0360583476722240
-0.0000000000000000
0.0000000000000000
0.9735754132270813
-0.1802917420864105
-0.1802917420864105
0.1081750392913818
0.7211669683456421
-0.0721166953444481
-0.0721166953444481
0.3966418206691742
0.3966418206691742
-0.3605834841728210
-0.5408751964569092
0.1802917420864105
0.1802917420864105
0.5769335627555847
-0.9735754132270813
-0.0000000000000000
0.3605834841728210
-0.1442333906888962
-0.5408751964569092
0.3966418206691742
0.7932836413383484
-0.1081750392913818
-0.2884667813777924
-0.1802917420864105
0.3966418206691742
-0.6129919290542603
-0.1081750392913818
0.0000000000000000
-0.3245251178741455
1.9471508264541626
-0.6490502357482910
-1.0456920862197876
0.4687585234642029
0.2163500785827637
-1.1538671255111694
0.5408751964569092
0.6490502357482910
-1.8389757871627808
-1.5144505500793457
-0.6490502357482910
-0.4327001571655273
0.0360583476722240
1.3341588973999023
-0.3966418206691742
-1.0096337795257568
-1.1538671255111694
-1.2259838581085205
0.7572252750396729
0.5769335627555847
-1.4783922433853149
-0.1802917420864105
-0.2884667813777924
1.2259838581085205
-0.5408751964569092
0.9375170469284058
0.7211669683456421
0.0360583476722240
-1.1538671255111694
0.2884667813777924
0.3966418206691742
-0.6851086020469666
0.2524084448814392
0.2524084448814392
-0.0721166953444481
0.6851086020469666
-0.3966418206691742
-0.2884667813777924
-0.1081750392913818
0.7932836413383484
-0.3245251178741455
-0.0721166953444481
0.3605834841728210
0.1081750392913818
-0.2524084448814392
-0.5769335627555847
0.1081750392913818
-0.1081750392913818
0.1081750392913818
0.0000000000000000
-0.1081750392913818
0.7572252750396729
0.0721166953444481
0.2163500785827637
0.3245251178741455
0.3605834841728210
-0.1081750392913818
-0.2524084448814392
0.1081750392913818
0.2884667813777924
-0.0721166953444481
0.0360583476722240
0.3245251178741455
0.2163500785827637
0.0721166953444481
-0.4327001571655273
-0.2524084448814392
0.2884667813777924
0.2524084448814392
-0.0000000000000000
0.1442333906888962
0.2524084448814392
0.0721166953444481
-0.2524084448814392
-0.1081750392913818
0.1802917420864105
0.1802917420864105
-0.2163500785827637
0.1081750392913818
-0.0360583476722240
0.2524084448814392
0.3245251178741455
-0.6851086020469666
0.5408751964569092
0.7572252750396729
0.1802917420864105
0.2163500785827637
0.1442333906888962
0.4687585234642029
-0.2884667813777924
-0.3605834841728210
0.0721166953444481
-0.1081750392913818
-0.1081750392913818
-0.2884667813777924
-0.2163500785827637
0.3245251178741455
0.4687585234642029
-1.2620421648025513
-0.0000000000000000
0.6490502357482910
0.0360583476722240
0.3245251178741455
-1.2259838581085205
-0.5769335627555847
0.0721166953444481
-0.1081750392913818
0.0721166953444481
0.4687585234642029
-0.2524084448814392
0.1442333906888962
0.1081750392913818
-1.1538671255111694
0.3966418206691742
-0.6851086020469666
-0.5769335627555847
-0.3245251178741455
1.0817503929138184
0.5769335627555847
-0.3966418206691742
0.2163500785827637
1.6947423219680786
0.0721166953444481
-0.1802917420864105
1.4783922433853149
0.5769335627555847
0.9014586806297302
0.2163500785827637
-0.4327001571655273
0.5048168897628784
-0.6851086020469666
0.3245251178741455
0.6851086020469666
0.5048168897628784
0.5048168897628784
-0.3966418206691742
0.5769335627555847
-0.4687585234642029
-0.2524084448814392
0.5048168897628784
0.4687585234642029
-0.1081750392913818
0.3966418206691742
-0.2884667813777924
0.0721166953444481
0.5408751964569092
-0.7211669683456421
0.4687585234642029
0.5048168897628784
0.3245251178741455
0.0721166953444481
0.2884667813777924
0.5408751964569092
-0.1442333906888962
-0.1802917420864105
0.0000000000000000
0.0360583476722240
-0.2884667813777924
-0.0360583476722240
0.1802917420864105
0.1442333906888962
-0.3966418206691742
-0.2163500785827637
0.2884667813777924
0.4327001571655273
0.2524084448814392
0.0721166953444481
0.2163500785827637
-0.0721166953444481
-0.1442333906888962
-0.0360583476722240
-0.1081750392913818
0.1442333906888962
0.0721166953444481
-0.0000000000000000
0.2884667813777924
0.1802917420864105
-0.5048168897628784
-0.1442333906888962
0.2524084448814392
0.1442333906888962
0.2524084448814392
0.1802917420864105
0.0721166953444481
-0.0000000000000000
-0.4687585234642029
0.0360583476722240
0.3605834841728210
0.1802917420864105
0.2524084448814392
0.0360583476722240
0.5408751964569092
0.2524084448814392
-1.0096337795257568
-0.0721166953444481
0.0721166953444481
0.3245251178741455
-0.2163500785827637
0.0360583476722240
-0.0000000000000000
-0.1442333906888962
-0.1802917420864105
0.1442333906888962
0.3966418206691742
0.1802917420864105
0.2884667813777924
-0.2524084448814392
-0.0721166953444481
-0.2884667813777924
-0.0360583476722240
-0.5408751964569092
-0.0360583476722240
0.8654003143310547
-0.7572252750396729
-0.2163500785827637
0.8293420076370239
-0.6851086020469666
-0.2884667813777924
0.2884667813777924
-0.3966418206691742
-1.0096337795257568
0.5048168897628784
-0.3605834841728210
-0.8654003143310547
-1.1178088188171387
-0.3966418206691742
0.2884667813777924
0.3245251178741455
-0.2884667813777924
-0.3605834841728210
-1.0817503929138184
0.3245251178741455
-0.1081750392913818
0.0360583476722240
0.3245251178741455
0.1081750392913818
-1.2620421648025513
-0.5048168897628784
-0.8293420076370239
0.2163500785827637
0.4687585234642029
-0.9014586806297302
-0.3966418206691742
0.1802917420864105
0.4327001571655273
-0.4327001571655273
-0.4687585234642029
-0.0000000000000000
-0.0721166953444481
-0.7932836413383484
0.1081750392913818
0.7932836413383484
0.1802917420864105
-0.5408751964569092
-0.1802917420864105
0.5769335627555847
0.0721166953444481
-0.9735754132270813
0.1802917420864105
-0.1081750392913818
0.2884667813777924
-0.2163500785827637
-0.0000000000000000
-0.0000000000000000
-0.1802917420864105
-0.0721166953444481
0.1802917420864105
0.1802917420864105
0.2163500785827637
0.0721166953444481
-0.2884667813777924
0.5048168897628784
0.0000000000000000
-0.5048168897628784
-0.1802917420864105
0.2884667813777924
0.1442333906888962
-0.0360583476722240
0.1442333906888962
0.0721166953444481
-0.0721166953444481
-0.2163500785827637
0.2163500785827637
0.2524084448814392
0.0000000000000000
0.0721166953444481
-0.1081750392913818
0.8293420076370239
-0.3245251178741455
-0.1442333906888962
0.8293420076370239
0.3966418206691742
1.1538671255111694
0.2163500785827637
0.3245251178741455
0.1802917420864105
0.4687585234642029
0.2884667813777924
0.0721166953444481
0.0360583476722240
0.1802917420864105
0.7932836413383484
1.4423339366912842
0.0721166953444481
-0.1442333906888962
0.2524084448814392
0.0000000000000000
-0.1081750392913818
-0.2163500785827637
0.1081750392913818
0.0721166953444481
0.0721166953444481
0.1442333906888962
-0.0360583476722240
0.1802917420864105
0.0360583476722240
0.0000000000000000
0.0360583476722240
-0.2163500785827637
0.0360583476722240
0.0721166953444481
-0.1081750392913818
-0.2163500785827637
0.2524084448814392
-0.1802917420864105
0.2884667813777924
-0.3245251178741455
0.3245251178741455
0.2524084448814392
-0.2524084448814392
-0.0360583476722240
-0.0721166953444481
0.0360583476722240
0.1442333906888962
-0.2163500785827637
0.0721166953444481
-0.1442333906888962
-0.2524084448814392
-0.3605834841728210
-0.0360583476722240
-0.0721166953444481
0.0721166953444481
0.1081750392913818
-0.0360583476722240
0.3605834841728210
-0.2884667813777924
-0.0000000000000000
-0.0000000000000000
-0.2524084448814392
0.0360583476722240
0.0360583476722240
-0.3605834841728210
-0.1442333906888962
-0.2524084448814392
-0.1442333906888962
-0.4327001571655273
-0.5048168897628784
-0.2884667813777924
0.0721166953444481
-0.4327001571655273
-0.0360583476722240
0.0721166953444481
-0.1442333906888962
-0.1802917420864105
-0.1442333906888962
0.2524084448814392
0.3605834841728210
-0.3966418206691742
0.0000000000000000
-0.2524084448814392
-0.2163500785827637
0.0721166953444481
-0.2163500785827637
0.1442333906888962
-0.1442333906888962
-0.0360583476722240
0.3245251178741455
-0.2884667813777924
-0.0721166953444481
-0.1442333906888962
-0.2884667813777924
0.0721166953444481
0.0360583476722240
0.1802917420864105
-0.2163500785827637
-0.1802917420864105
0.0000000000000000
0.1081750392913818
-0.0721166953444481
0.1442333906888962
-0.2524084448814392
0.1442333906888962
0.3605834841728210
-0.1802917420864105
0.1081750392913818
-0.1081750392913818
-0.0721166953444481
0.0360583476722240
0.0721166953444481
0.0360583476722240
-0.2524084448814392
-0.2884667813777924
0.0721166953444481
0.0721166953444481
-0.2524084448814392
0.1802917420864105
0.0000000000000000
-0.0360583476722240
0.1442333906888962
-0.1081750392913818
0.1081750392913818
0.1081750392913818
0.1081750392913818
0.1081750392913818
0.0721166953444481
-0.4327001571655273
0.2524084448814392
0.1081750392913818
-0.0360583476722240
0.1081750392913818
-0.2163500785827637
0.2524084448814392
-0.0360583476722240
0.0360583476722240
0.2163500785827637
0.0721166953444481
-0.2524084448814392
0.1802917420864105
-0.5408751964569092
-0.0000000000000000
-0.2163500785827637
0.1081750392913818
0.3245251178741455
0.2524084448814392
-0.3245251178741455
0.4327001571655273
0.6490502357482910
0.0721166953444481
-0.3966418206691742
0.3605834841728210
0.3605834841728210
-0.0000000000000000
-0.7572252750396729
0.9014586806297302
-0.3605834841728210
-0.2524084448814392
0.1442333906888962
0.3605834841728210
-1.0817503929138184
-0.2163500785827637
0.4327001571655273
-0.6490502357482910
-0.6129919290542603
-1.0096337795257568
0.2163500785827637
-0.4327001571655273
0.6851086020469666
1.0456920862197876
0.1442333906888962
0.1081750392913818
-0.2524084448814392
-1.1178088188171387
0.0721166953444481
0.5769335627555847
-0.6129919290542603
0.0360583476722240
1.4062755107879639
-0.0360583476722240
0.1802917420864105
-0.2524084448814392
-0.0360583476722240
-0.1081750392913818
0.0360583476722240
0.5769335627555847
-0.0360583476722240
-0.3605834841728210
0.1081750392913818
-0.2524084448814392
-0.3966418206691742
0.3245251178741455
-0.3245251178741455
-0.0000000000000000
1.1899254322052002
0.1442333906888962
-0.1802917420864105
-0.1442333906888962
-0.3605834841728210
0.0721166953444481
-0.1081750392913818
0.3245251178741455
-0.1081750392913818
0.3966418206691742
-0.1442333906888962
-0.6851086020469666
-0.7572252750396729
-0.5408751964569092
0.5048168897628784
0.6129919290542603
0.4327001571655273
0.4327001571655273
0.1442333906888962
0.3605834841728210
-0.7572252750396729
0.3605834841728210
-0.0360583476722240
0.0000000000000000
-0.4687585234642029
0.7211669683456421
-0.6851086020469666
-0.1442333906888962
-0.3605834841728210
0.0721166953444481
0.0721166953444481
0.4327001571655273
-0.0360583476722240
0.1802917420864105
-0.1081750392913818
-0.0360583476722240
-0.0721166953444481
0.1442333906888962
0.2524084448814392
0.2884667813777924
-0.2163500785827637
0.1802917420864105
-0.3605834841728210
-0.1802917420864105
-0.1081750392913818
-0.0360583476722240
-0.0360583476722240
0.0000000000000000
0.1081750392913818
0.0721166953444481
-0.3605834841728210
0.1081750392913818
-0.2524084448814392
-0.0360583476722240
0.0000000000000000
0.2524084448814392
0.1442333906888962
-0.0721166953444481
-0.2163500785827637
-0.2163500785827637
-0.0721166953444481
1.8389757871627808
-0.0721166953444481
-0.0360583476722240
-0.3245251178741455
1.8750340938568115
0.3966418206691742
0.7572252750396729
-0.1442333906888962
1.2620421648025513
1.1899254322052002
-0.2163500785827637
0.9735754132270813
-0.2524084448814392
-0.1081750392913818
1.0817503929138184
1.1178088188171387
0.7932836413383484
0.7572252750396729
0.0721166953444481
0.0360583476722240
1.2981004714965820
0.6129919290542603
0.5048168897628784
-1.0096337795257568
1.5865672826766968
0.0360583476722240
-0.7932836413383484
-0.2524084448814392
-0.9735754132270813
0.1802917420864105
1.2981004714965820
0.4327001571655273
-0.9014586806297302
1.9471508264541626
1.4062755107879639
0.7932836413383484
1.6947423219680786
1.9110924005508423
0.1081750392913818
-0.3966418206691742
0.7932836413383484
-0.4687585234642029
-0.6129919290542603
-0.2163500785827637
1.3341588973999023
-1.0456920862197876
0.4327001571655273
0.0721166953444481
0.2163500785827637
1.6947423219680786
0.2884667813777924
1.1538671255111694
1.8389757871627808
1.2620421648025513
0.6129919290542603
-0.9014586806297302
0.3605834841728210
-0.0360583476722240
-1.4062755107879639
-0.6490502357482910
-0.0360583476722240
-0.9014586806297302
0.9014586806297302
0.7572252750396729
0.7932836413383484
-1.0096337795257568
-0.0721166953444481
0.5048168897628784
0.8293420076370239
2.5240843296051025
-0.2524084448814392
0.9014586806297302
-0.2524084448814392
0.3966418206691742
2.1635007858276367
1.6586840152740479
-0.1081750392913818
0.6490502357482910
1.2259838581085205
1.0096337795257568
0.0000000000000000
-0.2163500785827637
0.2163500785827637
0.2163500785827637
0.3245251178741455
0.1802917420864105
0.2163500785827637
-0.2163500785827637
0.0360583476722240
0.1081750392913818
0.1442333906888962
0.1802917420864105
0.0360583476722240
-0.3605834841728210
-0.1081750392913818
-0.4327001571655273
0.3966418206691742
-0.1442333906888962
0.2163500785827637
0.2524084448814392
0.2163500785827637
-0.2163500785827637
-0.0360583476722240
-0.1442333906888962
0.0000000000000000
0.2163500785827637
0.0721166953444481
-0.2524084448814392
-0.3245251178741455
-0.0360583476722240
-0.0000000000000000
0.0721166953444481
-0.6490502357482910
-0.6129919290542603
-0.4687585234642029
-0.2524084448814392
0.0721166953444481
0.1442333906888962
-0.0721166953444481
-0.2163500785827637
0.1802917420864105
1.0456920862197876
0.2524084448814392
0.0721166953444481
0.4327001571655273
-0.7932836413383484
-0.4327001571655273
0.0360583476722240
-0.1442333906888962
-1.0096337795257568
-0.5769335627555847
-0.0000000000000000
-0.1081750392913818
-0.8654003143310547
-0.2884667813777924
-0.7211669683456421
0.1081750392913818
0.8293420076370239
0.4687585234642029
-0.3966418206691742
0.2524084448814392
-0.4327001571655273
-0.6129919290542603
-0.1442333906888962
0.2884667813777924
-1.8029173612594604
-0.6129919290542603
-0.1442333906888962
0.4687585234642029
-0.1081750392913818
-0.9735754132270813
-0.3605834841728210
-0.3245251178741455
0.5769335627555847
0.1081750392913818
0.0000000000000000
0.2884667813777924
0.1081750392913818
-0.3966418206691742
0.0360583476722240
1.8389757871627808
0.3245251178741455
0.4687585234642029
-1.1178088188171387
0.6129919290542603
0.0360583476722240
1.3341588973999023
0.0721166953444481
1.3702172040939331
1.6586840152740479
-0.8654003143310547
0.6851086020469666
0.4687585234642029
0.6851086020469666
1.1899254322052002
2.0192675590515137
0.0000000000000000
-0.9375170469284058
-0.4687585234642029
0.0360583476722240
0.4687585234642029
0.4327001571655273
-0.0360583476722240
0.0000000000000000
0.2884667813777924
1.0817503929138184
0.6129919290542603
-0.0000000000000000
0.3245251178741455
-0.3966418206691742
-0.2163500785827637
0.1442333906888962
-0.2884667813777924
-0.4327001571655273
-0.0360583476722240
-0.4687585234642029
-0.0360583476722240
-0.2884667813777924
-0.3966418206691742
0.1442333906888962
0.1442333906888962
0.3966418206691742
0.1442333906888962
-0.0721166953444481
-0.1802917420864105
-0.3605834841728210
-0.1442333906888962
0.1081750392913818
0.1802917420864105
-0.1442333906888962
-0.0000000000000000
0.5769335627555847
-0.0360583476722240
-0.2524084448814392
-0.1802917420864105
-0.0721166953444481
0.0000000000000000
-0.0721166953444481
0.0721166953444481
-0.5048168897628784
0.0721166953444481
0.1081750392913818
-0.2524084448814392
0.1442333906888962
-0.1081750392913818
-0.4687585234642029
0.0721166953444481
0.2524084448814392
-1.0096337795257568
-0.5408751964569092
-0.5769335627555847
0.0360583476722240
-0.1081750392913818
-0.0721166953444481
0.3245251178741455
-0.6490502357482910
-0.1442333906888962
0.0360583476722240
-0.0721166953444481
0.1442333906888962
-0.5408751964569092
-0.7211669683456421
-0.2163500785827637
0.5408751964569092
-1.2620421648025513
-1.1899254322052002
-0.3605834841728210
-1.0096337795257568
-0.2524084448814392
-0.0360583476722240
-0.2524084448814392
-0.5408751964569092
-0.0360583476722240
-0.0360583476722240
-0.1081750392913818
0.1802917420864105
1.0096337795257568
-0.9375170469284058
-0.2524084448814392
0.9375170469284058
-0.7932836413383484
-0.2163500785827637
0.5408751964569092
-1.6586840152740479
-0.3245251178741455
0.1081750392913818
-1.0456920862197876
-0.9735754132270813
0.2884667813777924
0.5408751964569092
0.2524084448814392
0.9014586806297302
0.3245251178741455
-0.1802917420864105
-0.2163500785827637
0.8654003143310547
-0.0360583476722240
0.2884667813777924
-0.2163500785827637
0.1081750392913818
-1.3341588973999023
0.0360583476722240
0.8654003143310547
0.5769335627555847
-1.1899254322052002
0.7572252750396729
1.3341588973999023
1.2259838581085205
0.1442333906888962
-0.5048168897628784
-0.0360583476722240
-0.0721166953444481
-0.6851086020469666
-0.6851086020469666
-0.5769335627555847
0.2163500785827637
0.0721166953444481
0.1802917420864105
0.0360583476722240
-0.6490502357482910
0.1081750392913818
0.0721166953444481
-0.0000000000000000
0.0360583476722240
-0.0360583476722240
-0.0721166953444481
0.1081750392913818
0.4327001571655273
-0.2524084448814392
-0.1802917420864105
0.0360583476722240
-0.0721166953444481
-0.0721166953444481
-0.2884667813777924
-0.1442333906888962
-0.4687585234642029
-0.0721166953444481
0.2163500785827637
0.0000000000000000
0.0721166953444481
-0.1081750392913818
-0.2524084448814392
0.0000000000000000
0.3605834841728210
-0.0360583476722240
-0.0721166953444481
0.3245251178741455
0.0360583476722240
-0.0721166953444481
0.1081750392913818
-0.0360583476722240
0.0360583476722240
-0.0721166953444481
0.0360583476722240
0.1081750392913818
-0.0360583476722240
-0.1442333906888962
-0.1802917420864105
0.1081750392913818
0.6851086020469666
-0.5408751964569092
-0.2884667813777924
-0.3966418206691742
0.0360583476722240
-0.1442333906888962
-0.5408751964569092
0.2163500785827637
-0.2884667813777924
-0.2163500785827637
0.1442333906888962
-0.7211669683456421
-0.2884667813777924
-0.1081750392913818
-0.7211669683456421
-0.0000000000000000
0.0721166953444481
-0.1081750392913818
0.3605834841728210
-0.7572252750396729
-0.0721166953444481
-0.1802917420864105
0.0000000000000000
0.2163500785827637
-0.8654003143310547
0.9014586806297302
-0.4687585234642029
-1.1899254322052002
-0.5048168897628784
0.6490502357482910
1.1538671255111694
0.7211669683456421
0.2884667813777924
0.7211669683456421
1.7668590545654297
0.9014586806297302
0.6129919290542603
1.1538671255111694
1.2259838581085205
-0.2163500785827637
0.8293420076370239
1.4423339366912842
-0.3966418206691742
-0.0721166953444481
0.1802917420864105
-0.1442333906888962
-0.6129919290542603
0.2163500785827637
0.1081750392913818
0.0360583476722240
-0.4327001571655273
-0.4687585234642029
0.2163500785827637
-0.0360583476722240
-0.2884667813777924
0.4327001571655273
-0.4687585234642029
0.6129919290542603
-0.5769335627555847
-1.2620421648025513
-0.8654003143310547
-0.0000000000000000
-0.2163500785827637
0.2524084448814392
0.7211669683456421
-0.1802917420864105
-0.0721166953444481
-0.2884667813777924
0.1442333906888962
-0.2524084448814392
-0.4687585234642029
0.1081750392913818
-0.2524084448814392
-0.1442333906888962
0.0721166953444481
-0.5769335627555847
-0.3966418206691742
0.1081750392913818
0.0721166953444481
0.0721166953444481
0.4687585234642029
0.0721166953444481
-0.0721166953444481
0.1802917420864105
-0.1802917420864105
0.2163500785827637
0.1081750392913818
-0.1442333906888962
0.0360583476722240
0.2163500785827637
0.2163500785827637
0.0360583476722240
0.0721166953444481
0.1081750392913818
-0.0360583476722240
0.1081750392913818
0.1081750392913818
0.0000000000000000
-0.2163500785827637
0.3605834841728210
-0.0721166953444481
0.0721166953444481
0.2884667813777924
0.0721166953444481
-0.0000000000000000
0.0360583476722240
-0.0360583476722240
0.1081750392913818
-0.0721166953444481
-0.3605834841728210
-0.0360583476722240
0.2884667813777924
0.1081750392913818
0.0360583476722240
-0.3245251178741455
0.2524084448814392
-0.2163500785827637
0.1081750392913818
0.2524084448814392
-0.5048168897628784
0.0360583476722240
-0.1081750392913818
-0.1442333906888962
0.2524084448814392
-0.0360583476722240
1.1538671255111694
0.6129919290542603
0.5769335627555847
0.8654003143310547
1.1899254322052002
1.0817503929138184
0.1802917420864105
-1.5144505500793457
1.0096337795257568
0.6129919290542603
-0.5048168897628784
-0.5408751964569092
0.9735754132270813
-0.7572252750396729
1.3702172040939331
1.3702172040939331
-0.6490502357482910
0.5048168897628784
-0.0360583476722240
0.2163500785827637
0.7932836413383484
1.6226255893707275
-0.1442333906888962
0.1442333906888962
-0.9014586806297302
-0.3605834841728210
1.0096337795257568
0.7211669683456421
-0.1081750392913818
0.1802917420864105
1.1538671255111694
0.3245251178741455
-0.3966418206691742
-0.0721166953444481
0.3605834841728210
0.2163500785827637
-0.0721166953444481
-0.1802917420864105
-0.0721166953444481
-0.3605834841728210
-0.2884667813777924
0.2884667813777924
-0.1442333906888962
0.1081750392913818
0.2524084448814392
-0.4327001571655273
0.1802917420864105
0.0721166953444481
-0.3245251178741455
0.0360583476722240
0.0360583476722240
0.1442333906888962
-0.1081750392913818
-0.6490502357482910
0.1802917420864105
-0.1442333906888962
0.2884667813777924
0.3245251178741455
-0.4327001571655273
-0.0360583476722240
-0.2163500785827637
0.0360583476722240
0.0721166953444481
0.0360583476722240
0.2163500785827637
0.0721166953444481
-0.0000000000000000
-0.0000000000000000
0.1081750392913818
-0.4327001571655273
0.3966418206691742
-0.0000000000000000
0.0360583476722240
0.3245251178741455
0.0721166953444481
-0.0721166953444481
0.0721166953444481
-0.0721166953444481
0.0000000000000000
0.1442333906888962
