0.3993670344352722
-0.5191771388053894
0.1597468107938766
0.7987340688705444
-0.9185441732406616
0.7987340688705444
-0.2396202087402344
-0.5990505218505859
0.1996835172176361
-0.8786074519157410
0.2795569300651550
-0.7587973475456238
0.4792404174804688
0.4393037259578705
-0.6389872431755066
-0.6389872431755066
0.0399367026984692
0.0798734053969383
-0.5191771388053894
-0.3993670344352722
0.2396202087402344
-0.2396202087402344
0.3594303131103516
0.3194936215877533
-0.0798734053969383
0.2396202087402344
-0.2396202087402344
0.3993670344352722
-0.2795569300651550
-0.1198101043701172
0.4792404174804688
0.0798734053969383
-0.4792404174804688
0.0399367026984692
0.4393037259578705
-0.3594303131103516
-0.2396202087402344
-0.1996835172176361
0.1996835172176361
-0.1597468107938766
0.2396202087402344
0.0399367026984692
-0.8386707305908203
0.4792404174804688
-0.3594303131103516
0.1996835172176361
0.1996835172176361
0.0798734053969383
-0.1198101043701172
-0.5990505218505859
0.9185441732406616
0.1597468107938766
-0.9584808349609375
0.0399367026984692
-0.2795569300651550
-0.0399367026984692
-0.3993670344352722
0.1198101043701172
-0.5191771388053894
0.4393037259578705
-0.2795569300651550
-0.1996835172176361
0.1597468107938766
-0.1198101043701172
0.1198101043701172
-0.7987340688705444
0.7188606262207031
1.0782909393310547
-0.8786074519157410
-0.5191771388053894
-0.3194936215877533
-0.3594303131103516
-0.9584808349609375
0.1198101043701172
0.2396202087402344
0.3594303131103516
-0.0798734053969383
-0.4393037259578705
0.2396202087402344
-0.3993670344352722
-0.3993670344352722
-0.4393037259578705
0.9584808349609375
0.1198101043701172
-0.7987340688705444
-0.5191771388053894
-0.1198101043701172
-0.4393037259578705
-0.4792404174804688
0.0399367026984692
-0.4393037259578705
0.7587973475456238
-0.4393037259578705
-0.1597468107938766
0.1597468107938766
-0.0000000000000000
-0.2795569300651550
-0.0798734053969383
0.0399367026984692
-0.3194936215877533
-0.1597468107938766
-0.0798734053969383
0.1996835172176361
0.1198101043701172
0.0399367026984692
-0.0000000000000000
-0.9984175562858582
0.7188606262207031
-0.3594303131103516
0.3194936215877533
0.2795569300651550
0.1996835172176361
-0.3194936215877533
0.0798734053969383
-0.3594303131103516
-0.1996835172176361
0.1597468107938766
0.0399367026984692
0.1198101043701172
-0.0399367026984692
-0.1198101043701172
-0.0000000000000000
-0.4393037259578705
0.2795569300651550
-0.3993670344352722
0.1597468107938766
0.2795569300651550
0.3993670344352722
0.0798734053969383
0.7188606262207031
0.2795569300651550
-1.0383542776107788
-0.0798734053969383
-0.3594303131103516
0.1597468107938766
0.5591138601303101
0.0399367026984692
0.1996835172176361
-0.0399367026984692
0.0399367026984692
0.1198101043701172
-0.1198101043701172
0.2396202087402344
0.2396202087402344
1.1581643819808960
2.0767085552215576
-0.4393037259578705
-0.6389872431755066
0.4792404174804688
0.0000000000000000
0.5191771388053894
1.0383542776107788
-0.6789239645004272
0.2396202087402344
1.7971515655517578
-0.1198101043701172
-0.2396202087402344
-1.2779744863510132
-0.4792404174804688
-1.0383542776107788
0.4393037259578705
0.9984175562858582
-2.5559489727020264
-0.2396202087402344
1.2779744863510132
0.9185441732406616
0.5191771388053894
1.1981010437011719
0.0000000000000000
0.9185441732406616
0.6389872431755066
-1.4377212524414062
-0.3194936215877533
-0.0798734053969383
0.5591138601303101
-0.2795569300651550
0.0798734053969383
0.1597468107938766
-2.5958857536315918
-0.7188606262207031
1.9169616699218750
1.1981010437011719
0.9584808349609375
-0.3993670344352722
0.8786074519157410
0.4792404174804688
-1.4776580333709717
-1.2779744863510132
-0.2396202087402344
1.0383542776107788
0.5990505218505859
1.9568984508514404
-0.0798734053969383
0.9984175562858582
-2.9553160667419434
-1.3179111480712891
2.0767085552215576
0.3993670344352722
1.3578479290008545
0.0000000000000000
-0.1597468107938766
1.3977845907211304
-0.4393037259578705
-0.5191771388053894
0.0399367026984692
0.8386707305908203
0.7587973475456238
1.9568984508514404
-0.1198101043701172
1.3578479290008545
-0.3194936215877533
-1.3977845907211304
0.6789239645004272
-0.9185441732406616
0.6789239645004272
0.5990505218505859
-0.7987340688705444
1.1981010437011719
0.9584808349609375
0.0798734053969383
0.7188606262207031
-0.2795569300651550
-0.1597468107938766
0.5990505218505859
0.1996835172176361
0.7587973475456238
0.0399367026984692
-1.3977845907211304
-0.0798734053969383
0.0399367026984692
-0.0798734053969383
0.5191771388053894
0.0798734053969383
0.4393037259578705
0.0399367026984692
0.2795569300651550
0.1996835172176361
-0.0798734053969383
-0.0798734053969383
0.1996835172176361
-0.0399367026984692
0.3594303131103516
-0.3594303131103516
-0.1996835172176361
-0.0000000000000000
-0.1996835172176361
0.3993670344352722
0.5191771388053894
-0.4393037259578705
0.7188606262207031
-0.4393037259578705
0.3993670344352722
-0.1198101043701172
-0.0798734053969383
0.2396202087402344
0.1597468107938766
0.7987340688705444
-0.9185441732406616
0.3194936215877533
1.7572149038314819
-1.5974681377410889
0.2396202087402344
0.6389872431755066
0.4393037259578705
1.4377212524414062
-0.7587973475456238
-0.8786074519157410
-0.5191771388053894
-0.9584808349609375
2.0367717742919922
-1.7572149038314819
-1.9169616699218750
-0.4393037259578705
-1.8370883464813232
0.9584808349609375
1.3977845907211304
-1.8370883464813232
-0.5591138601303101
0.7987340688705444
-1.2779744863510132
2.1965186595916748
-0.4792404174804688
-1.4377212524414062
-0.7188606262207031
-0.8786074519157410
2.7156958580017090
-0.9984175562858582
0.8786074519157410
-1.5175946950912476
-0.1996835172176361
1.9968351125717163
-0.3993670344352722
-1.0782909393310547
-2.9553160667419434
0.2795569300651550
0.8386707305908203
0.1198101043701172
0.2396202087402344
1.2380378246307373
-1.1182277202606201
0.0798734053969383
0.8786074519157410
0.3993670344352722
1.3977845907211304
-1.5175946950912476
-0.6789239645004272
1.7572149038314819
1.3179111480712891
-1.5974681377410889
-0.6389872431755066
-0.1597468107938766
-1.1581643819808960
0.4792404174804688
-1.4776580333709717
-0.3194936215877533
-0.5990505218505859
-0.6389872431755066
0.9185441732406616
-0.5191771388053894
-0.5191771388053894
-0.1198101043701172
-2.3163287639617920
-0.0798734053969383
1.6773414611816406
-2.4760756492614746
0.4792404174804688
-1.0383542776107788
-0.1597468107938766
0.5591138601303101
-0.4792404174804688
-0.2795569300651550
-0.5990505218505859
-0.1198101043701172
1.1182277202606201
-0.6389872431755066
-0.4792404174804688
0.1597468107938766
0.1996835172176361
-0.2795569300651550
-0.3594303131103516
0.1996835172176361
-0.4393037259578705
0.5191771388053894
0.5591138601303101
-0.2396202087402344
0.6389872431755066
-0.6389872431755066
0.2396202087402344
-0.0798734053969383
-0.5990505218505859
0.5990505218505859
0.1198101043701172
0.1996835172176361
-0.5990505218505859
0.1597468107938766
0.1996835172176361
-0.2396202087402344
0.1198101043701172
-0.3993670344352722
-0.0399367026984692
0.0798734053969383
0.1198101043701172
-0.3594303131103516
0.1198101043701172
0.1198101043701172
0.5191771388053894
-0.2396202087402344
0.1996835172176361
0.3594303131103516
0.1597468107938766
1.1182277202606201
-0.3594303131103516
-0.3993670344352722
-1.0383542776107788
-0.2396202087402344
0.6789239645004272
0.4393037259578705
0.5990505218505859
0.8386707305908203
0.2396202087402344
-0.4792404174804688
-0.3594303131103516
0.0798734053969383
-0.5591138601303101
-0.1198101043701172
0.0798734053969383
0.8786074519157410
-1.1981010437011719
0.0000000000000000
-0.4792404174804688
-0.1198101043701172
0.2795569300651550
0.3993670344352722
0.5591138601303101
-0.5191771388053894
0.8786074519157410
-0.5990505218505859
-0.5591138601303101
0.6389872431755066
-0.0399367026984692
0.0399367026984692
0.2396202087402344
-0.0399367026984692
-1.4377212524414062
0.4393037259578705
0.7987340688705444
0.7587973475456238
-0.1996835172176361
-0.6789239645004272
0.9185441732406616
-0.7188606262207031
1.5575313568115234
-0.3194936215877533
-0.3194936215877533
-0.1597468107938766
-0.1996835172176361
2.0367717742919922
-0.3194936215877533
0.8386707305908203
1.6374047994613647
-0.8386707305908203
0.8786074519157410
-0.6389872431755066
0.1996835172176361
0.1597468107938766
-1.3578479290008545
1.1581643819808960
-1.2779744863510132
0.7188606262207031
1.1182277202606201
-0.9185441732406616
-3.2748095989227295
0.4792404174804688
-0.6789239645004272
1.1182277202606201
-0.2396202087402344
-1.0383542776107788
-0.0399367026984692
-0.7587973475456238
0.2396202087402344
1.0383542776107788
0.1996835172176361
0.3993670344352722
-0.1597468107938766
-0.1198101043701172
0.6389872431755066
-0.7587973475456238
-0.0798734053969383
-0.0000000000000000
-0.5990505218505859
0.7188606262207031
0.3594303131103516
-0.8386707305908203
0.1198101043701172
-0.9984175562858582
0.0798734053969383
-0.1996835172176361
0.3993670344352722
0.2396202087402344
-0.2795569300651550
0.0399367026984692
0.0798734053969383
-0.5591138601303101
-0.4393037259578705
-0.1996835172176361
-0.0000000000000000
-0.8386707305908203
0.0399367026984692
0.2795569300651550
0.0798734053969383
-0.0798734053969383
0.0399367026984692
-0.3594303131103516
0.3194936215877533
0.1996835172176361
-0.3594303131103516
0.2396202087402344
0.5191771388053894
-0.0399367026984692
0.6389872431755066
0.0798734053969383
-1.0782909393310547
-0.5191771388053894
0.3993670344352722
-0.1597468107938766
-0.3993670344352722
-0.0399367026984692
-0.2795569300651550
-1.0383542776107788
0.9584808349609375
1.1182277202606201
0.1996835172176361
0.5191771388053894
-0.0798734053969383
0.1198101043701172
0.5191771388053894
-0.8386707305908203
-0.3993670344352722
0.5990505218505859
0.1198101043701172
0.3594303131103516
-0.7587973475456238
0.4792404174804688
-0.5591138601303101
-1.1182277202606201
0.3594303131103516
-0.8386707305908203
0.8386707305908203
0.3194936215877533
-0.5591138601303101
0.9185441732406616
0.9584808349609375
-1.4377212524414062
2.1166453361511230
0.0399367026984692
0.8786074519157410
1.3179111480712891
1.8370883464813232
-0.2795569300651550
-0.0798734053969383
-0.9584808349609375
-1.5974681377410889
-2.5160121917724609
0.6389872431755066
-0.1597468107938766
-1.1581643819808960
0.1996835172176361
-0.7188606262207031
-0.4393037259578705
-3.5144298076629639
0.7587973475456238
2.3962020874023438
-2.9153792858123779
0.0000000000000000
-1.1581643819808960
-2.3962020874023438
-0.9584808349609375
-1.1981010437011719
-0.0798734053969383
0.2795569300651550
1.2380378246307373
0.9584808349609375
-0.6789239645004272
0.1597468107938766
0.2795569300651550
-0.7987340688705444
-0.5591138601303101
0.3594303131103516
-0.0000000000000000
-0.2795569300651550
-0.1198101043701172
0.1597468107938766
-0.7587973475456238
0.7587973475456238
1.2380378246307373
0.1198101043701172
0.3194936215877533
-0.1597468107938766
-0.0000000000000000
-0.0000000000000000
-0.0798734053969383
-0.1198101043701172
-1.0383542776107788
0.4393037259578705
0.3594303131103516
-0.0798734053969383
0.2396202087402344
-0.2795569300651550
-0.7587973475456238
0.2795569300651550
0.3194936215877533
-0.1198101043701172
0.2795569300651550
0.1996835172176361
0.2396202087402344
0.6789239645004272
-0.0399367026984692
0.2795569300651550
-0.5990505218505859
-0.3594303131103516
0.5591138601303101
-0.1597468107938766
0.5591138601303101
0.1198101043701172
-0.0798734053969383
0.2795569300651550
-0.5990505218505859
0.1198101043701172
-0.2795569300651550
0.1198101043701172
0.5191771388053894
0.5191771388053894
-0.2795569300651550
0.7188606262207031
-2.0767085552215576
-0.7188606262207031
1.1981010437011719
-0.3594303131103516
1.2380378246307373
0.4393037259578705
-0.2795569300651550
1.2779744863510132
0.0798734053969383
0.0000000000000000
-0.5191771388053894
0.4393037259578705
1.0782909393310547
1.4776580333709717
0.9984175562858582
2.3962020874023438
-1.7172782421112061
-0.7587973475456238
1.2779744863510132
0.0798734053969383
0.5591138601303101
0.9584808349609375
-0.3993670344352722
1.1182277202606201
1.4377212524414062
-0.4792404174804688
-0.5990505218505859
-1.0782909393310547
0.4792404174804688
0.0000000000000000
0.2795569300651550
0.6789239645004272
-0.5191771388053894
0.1198101043701172
-0.3194936215877533
-0.6789239645004272
-0.8386707305908203
0.8386707305908203
0.6389872431755066
-0.7587973475456238
2.3962020874023438
-2.8355059623718262
1.1981010437011719
1.9169616699218750
-1.9169616699218750
-1.1581643819808960
0.3194936215877533
1.8770250082015991
-2.0767085552215576
-1.6374047994613647
1.5175946950912476
-0.4393037259578705
0.7587973475456238
1.2779744863510132
0.0798734053969383
1.5575313568115234
0.6789239645004272
-0.7188606262207031
-0.3194936215877533
0.0399367026984692
1.1981010437011719
1.6374047994613647
-0.1198101043701172
0.5591138601303101
-2.2763919830322266
-0.8786074519157410
1.2380378246307373
-0.1198101043701172
1.2380378246307373
0.2396202087402344
-0.3194936215877533
1.0383542776107788
0.1198101043701172
0.0399367026984692
-0.5191771388053894
0.3594303131103516
1.1581643819808960
1.2380378246307373
-0.2396202087402344
0.4792404174804688
-1.1981010437011719
-0.3194936215877533
0.8786074519157410
-0.1597468107938766
0.9185441732406616
0.1198101043701172
-0.0798734053969383
0.2396202087402344
-0.3594303131103516
-0.1198101043701172
-0.3594303131103516
0.3194936215877533
0.4792404174804688
0.6389872431755066
0.0399367026984692
0.1597468107938766
-0.3993670344352722
-0.2795569300651550
0.2396202087402344
-0.2795569300651550
0.1198101043701172
0.2396202087402344
0.0798734053969383
0.1597468107938766
-0.3993670344352722
0.4393037259578705
-0.3594303131103516
-0.0399367026984692
0.4792404174804688
0.2396202087402344
-0.3194936215877533
0.2396202087402344
0.3194936215877533
-0.1597468107938766
0.3993670344352722
-0.4393037259578705
0.7188606262207031
0.0399367026984692
-0.0798734053969383
0.1996835172176361
-0.7987340688705444
0.4393037259578705
-0.2396202087402344
-0.5191771388053894
0.4792404174804688
-0.0399367026984692
-1.7172782421112061
-0.0798734053969383
1.3578479290008545
0.6389872431755066
-0.3594303131103516
0.7587973475456238
-0.4792404174804688
-1.1981010437011719
-0.2795569300651550
-1.5175946950912476
-0.6389872431755066
-0.5990505218505859
0.4393037259578705
0.4393037259578705
-1.4776580333709717
-0.6389872431755066
-0.8386707305908203
-1.7572149038314819
1.5974681377410889
1.3578479290008545
-2.7156958580017090
-0.5990505218505859
-0.4792404174804688
-1.3977845907211304
-0.5191771388053894
-0.6789239645004272
-0.1996835172176361
0.3993670344352722
0.1198101043701172
0.7987340688705444
-0.1198101043701172
0.6789239645004272
-0.5591138601303101
0.5591138601303101
0.4792404174804688
-0.5990505218505859
0.8386707305908203
-0.4792404174804688
0.8386707305908203
0.3194936215877533
-0.3594303131103516
0.0798734053969383
-0.9984175562858582
0.9584808349609375
-0.5990505218505859
-0.8386707305908203
0.9584808349609375
0.3594303131103516
-0.3993670344352722
0.0399367026984692
0.4393037259578705
-0.0000000000000000
0.4792404174804688
-0.4393037259578705
0.5990505218505859
-0.0399367026984692
-0.0798734053969383
0.0798734053969383
-0.8386707305908203
0.2795569300651550
-0.0399367026984692
-0.4393037259578705
0.4393037259578705
-0.0000000000000000
-0.1597468107938766
0.3194936215877533
-0.3594303131103516
-0.1597468107938766
0.0798734053969383
0.0000000000000000
0.0000000000000000
0.2396202087402344
-0.0798734053969383
-0.0399367026984692
-0.4393037259578705
0.1198101043701172
-0.3993670344352722
0.1198101043701172
0.2795569300651550
0.1198101043701172
-0.5191771388053894
0.2396202087402344
-0.9584808349609375
0.1597468107938766
-0.0000000000000000
-0.7987340688705444
0.6389872431755066
-0.0798734053969383
-0.2795569300651550
-0.8386707305908203
-1.8370883464813232
-0.5591138601303101
1.0383542776107788
0.1597468107938766
0.7188606262207031
0.6389872431755066
-0.1597468107938766
0.0000000000000000
0.3993670344352722
0.1198101043701172
0.3194936215877533
-0.0798734053969383
-0.0798734053969383
0.0399367026984692
-0.3993670344352722
-0.2396202087402344
0.5191771388053894
0.2396202087402344
-0.3594303131103516
0.1597468107938766
-0.0798734053969383
-0.1597468107938766
-0.3993670344352722
0.2396202087402344
0.0399367026984692
0.3993670344352722
0.5191771388053894
0.1198101043701172
0.0399367026984692
-0.2795569300651550
-0.2795569300651550
0.1198101043701172
0.1198101043701172
0.8386707305908203
-0.0000000000000000
0.0798734053969383
-0.5591138601303101
0.0399367026984692
-0.2396202087402344
0.4792404174804688
-0.2396202087402344
-0.0798734053969383
0.5990505218505859
-0.2396202087402344
0.3194936215877533
0.3194936215877533
-0.2795569300651550
-0.0399367026984692
0.0798734053969383
0.2795569300651550
0.5990505218505859
0.6789239645004272
0.0000000000000000
0.4792404174804688
0.3194936215877533
0.0798734053969383
-0.5191771388053894
-0.2396202087402344
0.3194936215877533
-0.0798734053969383
0.5591138601303101
0.4792404174804688
-0.5591138601303101
-0.1996835172176361
0.1996835172176361
-0.0798734053969383
0.7587973475456238
0.4393037259578705
0.0399367026984692
0.1597468107938766
0.0399367026984692
0.0798734053969383
-0.1597468107938766
0.1597468107938766
0.8386707305908203
-0.0000000000000000
0.1597468107938766
0.5191771388053894
-0.4393037259578705
-0.1597468107938766
0.2795569300651550
0.4393037259578705
0.3993670344352722
0.4393037259578705
-0.1996835172176361
0.1597468107938766
-0.2795569300651550
-0.0798734053969383
0.2396202087402344
0.4393037259578705
0.4792404174804688
0.0798734053969383
-0.1597468107938766
-0.3594303131103516
0.1597468107938766
0.2396202087402344
0.3594303131103516
0.5591138601303101
-0.1597468107938766
0.1198101043701172
-0.4792404174804688
-0.1597468107938766
-0.1996835172176361
0.0399367026984692
0.1597468107938766
0.3594303131103516
0.1198101043701172
0.1198101043701172
-0.2396202087402344
-0.3993670344352722
-0.2396202087402344
-0.1198101043701172
0.2396202087402344
0.3993670344352722
-0.2795569300651550
0.0399367026984692
-0.0798734053969383
-0.3594303131103516
0.0399367026984692
-0.1996835172176361
0.3194936215877533
-0.2795569300651550
0.3594303131103516
0.1198101043701172
0.1597468107938766
0.3993670344352722
-0.6389872431755066
-0.2396202087402344
0.6389872431755066
0.1996835172176361
-0.5591138601303101
0.2396202087402344
0.0798734053969383
-0.4393037259578705
-0.1198101043701172
-0.0399367026984692
0.3993670344352722
-0.2396202087402344
0.3594303131103516
-0.9185441732406616
-0.5990505218505859
0.4393037259578705
-0.7987340688705444
-1.4377212524414062
0.4792404174804688
-1.9968351125717163
-1.4776580333709717
-0.4792404174804688
1.0782909393310547
-0.3194936215877533
-0.9185441732406616
-0.6389872431755066
0.5191771388053894
-1.1182277202606201
-1.1182277202606201
-1.6773414611816406
-0.8386707305908203
-0.6789239645004272
0.7188606262207031
-1.1981010437011719
-0.4393037259578705
-1.0383542776107788
-0.4792404174804688
-0.3594303131103516
-0.0798734053969383
-0.3594303131103516
-0.9185441732406616
-1.1182277202606201
1.1981010437011719
-0.1198101043701172
-1.2380378246307373
0.1597468107938766
-0.7987340688705444
-0.8386707305908203
0.6389872431755066
0.3993670344352722
1.3977845907211304
0.3194936215877533
-0.6789239645004272
-1.0782909393310547
-0.6789239645004272
-1.0782909393310547
-0.3594303131103516
-1.3977845907211304
1.5575313568115234
0.1597468107938766
-0.9584808349609375
0.9185441732406616
-1.0383542776107788
-0.5591138601303101
-0.0399367026984692
0.1597468107938766
2.3962020874023438
0.6389872431755066
-1.1581643819808960
-1.0782909393310547
-0.3993670344352722
-1.2779744863510132
0.1996835172176361
-0.9584808349609375
0.8386707305908203
0.1597468107938766
0.1597468107938766
1.4776580333709717
-0.4792404174804688
0.3993670344352722
-0.8786074519157410
-0.1996835172176361
1.8370883464813232
0.8386707305908203
-1.5175946950912476
0.0000000000000000
0.0798734053969383
-1.1581643819808960
-0.3594303131103516
-0.2396202087402344
0.5191771388053894
-0.2795569300651550
-0.0000000000000000
0.0399367026984692
0.1597468107938766
0.1198101043701172
-0.5591138601303101
-0.4792404174804688
0.5990505218505859
-0.0399367026984692
-0.5990505218505859
0.1198101043701172
-0.0798734053969383
-0.3993670344352722
-0.4393037259578705
-0.3194936215877533
0.2396202087402344
0.4393037259578705
0.0399367026984692
0.5191771388053894
-0.3993670344352722
-0.6789239645004272
0.1597468107938766
0.1597468107938766
0.5990505218505859
0.5990505218505859
-0.4393037259578705
-0.0399367026984692
-0.4792404174804688
-0.0000000000000000
-0.7188606262207031
1.3578479290008545
-1.5575313568115234
2.1965186595916748
0.2396202087402344
0.6389872431755066
0.0798734053969383
-0.6789239645004272
0.9185441732406616
0.1996835172176361
-2.5559489727020264
0.8386707305908203
1.4776580333709717
-0.8786074519157410
-1.1981010437011719
1.3578479290008545
-0.6389872431755066
0.8786074519157410
-1.7971515655517578
2.2763919830322266
0.0399367026984692
1.8770250082015991
0.4393037259578705
-1.2380378246307373
1.2779744863510132
1.1182277202606201
-2.4760756492614746
1.9968351125717163
1.1581643819808960
-0.8386707305908203
-0.5990505218505859
0.5591138601303101
0.5591138601303101
-0.3194936215877533
-0.9584808349609375
-0.5591138601303101
0.7587973475456238
1.2779744863510132
0.5191771388053894
0.5990505218505859
-0.5591138601303101
1.4377212524414062
-1.8770250082015991
1.5974681377410889
1.8370883464813232
0.1597468107938766
1.6374047994613647
0.3993670344352722
-1.0383542776107788
0.6789239645004272
-2.6358222961425781
1.7971515655517578
1.3977845907211304
0.6789239645004272
2.1565818786621094
-0.6789239645004272
-0.3993670344352722
-0.0399367026984692
-4.3930373191833496
-0.1996835172176361
3.3946197032928467
-0.5591138601303101
1.4377212524414062
1.6374047994613647
-1.1981010437011719
0.3194936215877533
-0.8786074519157410
-0.1198101043701172
-2.0367717742919922
-1.4377212524414062
-0.2396202087402344
-3.0351893901824951
2.1965186595916748
1.8770250082015991
-3.9137969017028809
0.7188606262207031
2.0767085552215576
-0.5591138601303101
-0.1996835172176361
0.9185441732406616
-0.1597468107938766
-0.5191771388053894
0.3993670344352722
-0.0000000000000000
0.1996835172176361
0.0399367026984692
-0.3993670344352722
-0.4393037259578705
0.1198101043701172
0.2396202087402344
0.1996835172176361
0.8786074519157410
-0.4393037259578705
-0.1198101043701172
-0.3194936215877533
0.2396202087402344
-0.1198101043701172
0.1198101043701172
0.1198101043701172
0.2795569300651550
-0.0000000000000000
0.4792404174804688
0.2795569300651550
-0.3594303131103516
0.1597468107938766
-0.0798734053969383
-0.1198101043701172
0.1996835172176361
0.1198101043701172
0.0000000000000000
-0.5990505218505859
0.0798734053969383
0.3594303131103516
-0.2396202087402344
0.6789239645004272
-0.8386707305908203
0.6389872431755066
-0.4393037259578705
-1.1581643819808960
0.7188606262207031
0.1597468107938766
0.3993670344352722
1.0782909393310547
0.2795569300651550
-0.7987340688705444
0.8386707305908203
-0.1996835172176361
-0.5990505218505859
0.1996835172176361
-0.4393037259578705
0.9584808349609375
-0.0798734053969383
0.8786074519157410
0.3993670344352722
-0.8386707305908203
0.1198101043701172
-0.6789239645004272
0.7188606262207031
2.3562655448913574
1.2380378246307373
-1.7971515655517578
0.9185441732406616
-1.1581643819808960
-1.7572149038314819
-1.2779744863510132
-0.4393037259578705
1.3578479290008545
-0.1198101043701172
1.5974681377410889
-0.8786074519157410
-0.2795569300651550
-1.1581643819808960
-0.2795569300651550
1.1182277202606201
3.0751261711120605
0.5191771388053894
-0.9984175562858582
-0.3594303131103516
-2.3562655448913574
-1.2380378246307373
-0.1198101043701172
0.9185441732406616
-1.1981010437011719
0.3194936215877533
1.5175946950912476
-0.9185441732406616
0.2396202087402344
2.5958857536315918
-0.7188606262207031
-2.5958857536315918
-1.1581643819808960
-1.5175946950912476
-0.2396202087402344
2.4361388683319092
1.6374047994613647
0.0798734053969383
-0.0000000000000000
-0.2396202087402344
0.4393037259578705
-0.4393037259578705
-0.0798734053969383
0.1198101043701172
-0.9584808349609375
-0.2795569300651550
0.4393037259578705
0.8386707305908203
0.5191771388053894
1.0782909393310547
-0.1996835172176361
0.7188606262207031
-0.7188606262207031
-0.3194936215877533
-0.4393037259578705
0.4393037259578705
-0.2396202087402344
-0.3194936215877533
-0.2396202087402344
-0.0798734053969383
0.5990505218505859
-0.2795569300651550
0.1597468107938766
-0.1597468107938766
-0.3594303131103516
0.0399367026984692
0.6389872431755066
0.3594303131103516
-0.2795569300651550
0.1996835172176361
0.1597468107938766
-0.3993670344352722
0.2795569300651550
0.1198101043701172
-0.4792404174804688
0.5990505218505859
-0.1996835172176361
-0.2396202087402344
-0.0399367026984692
-0.0798734053969383
0.1996835172176361
0.1597468107938766
0.0000000000000000
-0.1996835172176361
0.0000000000000000
-0.5191771388053894
0.7987340688705444
-0.5191771388053894
0.3594303131103516
-0.2795569300651550
-0.8386707305908203
0.8386707305908203
0.1597468107938766
0.5191771388053894
-0.4393037259578705
-0.4792404174804688
1.2380378246307373
0.0000000000000000
-0.4792404174804688
0.4393037259578705
0.2396202087402344
-0.9984175562858582
1.2779744863510132
-1.3179111480712891
0.0000000000000000
0.0798734053969383
0.5591138601303101
1.2779744863510132
-1.0782909393310547
0.2795569300651550
0.0399367026984692
0.8386707305908203
2.3163287639617920
1.5575313568115234
-1.3578479290008545
1.4377212524414062
-0.3993670344352722
-2.1166453361511230
-0.7587973475456238
-0.7188606262207031
-0.3594303131103516
0.4393037259578705
0.3194936215877533
-1.1581643819808960
-2.2364554405212402
-0.3594303131103516
1.7172782421112061
-0.8386707305908203
-0.5191771388053894
-1.1581643819808960
-0.7587973475456238
0.7587973475456238
-0.9584808349609375
-0.3993670344352722
1.8370883464813232
-0.1198101043701172
-1.9169616699218750
1.1182277202606201
-0.5990505218505859
0.2795569300651550
0.3194936215877533
-1.1981010437011719
0.9584808349609375
1.2380378246307373
-2.7556324005126953
1.0782909393310547
1.3977845907211304
0.7188606262207031
-0.7987340688705444
-0.3993670344352722
0.6389872431755066
-0.0000000000000000
0.4393037259578705
-0.3194936215877533
-0.4792404174804688
0.2396202087402344
0.1996835172176361
0.8786074519157410
-0.6789239645004272
-0.6389872431755066
1.3578479290008545
-0.5191771388053894
-0.3993670344352722
0.2396202087402344
0.0399367026984692
-0.8386707305908203
0.3993670344352722
-0.5990505218505859
0.3594303131103516
0.1198101043701172
-0.5191771388053894
0.4393037259578705
-0.1597468107938766
0.0798734053969383
0.1198101043701172
-0.3594303131103516
-0.1198101043701172
-0.1198101043701172
-0.0798734053969383
-0.2795569300651550
0.3594303131103516
-0.3594303131103516
-0.1996835172176361
-0.4393037259578705
0.5191771388053894
0.1597468107938766
0.1597468107938766
0.0399367026984692
-0.2795569300651550
-0.1198101043701172
-0.0798734053969383
0.2795569300651550
0.5191771388053894
0.3194936215877533
-0.2795569300651550
-0.3194936215877533
0.1597468107938766
-0.4792404174804688
-0.3594303131103516
-0.9185441732406616
0.6789239645004272
-0.3194936215877533
-0.9584808349609375
0.6389872431755066
-0.1198101043701172
-0.7587973475456238
0.1996835172176361
-0.1597468107938766
0.6389872431755066
0.4393037259578705
-0.3993670344352722
-1.0383542776107788
0.6789239645004272
-0.5990505218505859
-0.5591138601303101
-0.5591138601303101
0.7987340688705444
-0.9584808349609375
-1.0383542776107788
-1.2779744863510132
-0.3594303131103516
0.3993670344352722
-0.6389872431755066
-1.2380378246307373
0.7587973475456238
-1.9169616699218750
-0.8786074519157410
-1.4776580333709717
1.0782909393310547
-0.0399367026984692
0.7188606262207031
0.3194936215877533
-1.0383542776107788
-0.4393037259578705
-1.7172782421112061
0.3993670344352722
1.3977845907211304
0.0399367026984692
-0.3993670344352722
-0.8786074519157410
-2.5958857536315918
-0.5591138601303101
0.4792404174804688
0.1996835172176361
2.1965186595916748
-0.7587973475456238
-0.3194936215877533
-0.7587973475456238
1.4377212524414062
-0.6389872431755066
-1.2380378246307373
0.4393037259578705
-0.0798734053969383
0.1996835172176361
-0.7587973475456238
-0.0798734053969383
1.9568984508514404
0.0399367026984692
-1.0782909393310547
-1.0383542776107788
0.0399367026984692
-0.5591138601303101
-0.3594303131103516
-0.8386707305908203
0.8386707305908203
-0.3194936215877533
-0.9185441732406616
0.2795569300651550
-0.1996835172176361
-0.1996835172176361
-0.0399367026984692
-0.4393037259578705
0.5191771388053894
0.2396202087402344
-0.3993670344352722
-1.1981010437011719
0.7188606262207031
-0.2795569300651550
-0.2795569300651550
-0.4393037259578705
0.3993670344352722
0.3594303131103516
-0.1198101043701172
0.3194936215877533
-0.3993670344352722
-0.5591138601303101
-0.0000000000000000
0.0399367026984692
0.3993670344352722
0.3993670344352722
-0.3194936215877533
-0.5191771388053894
0.2396202087402344
-0.4393037259578705
-0.0798734053969383
0.1198101043701172
0.3993670344352722
0.2396202087402344
0.0000000000000000
0.2795569300651550
-0.0399367026984692
-0.1996835172176361
-0.2396202087402344
0.0399367026984692
0.4393037259578705
0.4393037259578705
-0.3594303131103516
-0.0399367026984692
-0.0798734053969383
-0.2795569300651550
-0.1996835172176361
-0.1996835172176361
-0.0399367026984692
0.0798734053969383
0.7987340688705444
-0.0399367026984692
0.1198101043701172
-0.0000000000000000
-0.2795569300651550
0.3993670344352722
0.6789239645004272
0.2396202087402344
-0.0399367026984692
0.0798734053969383
0.0399367026984692
-0.3594303131103516
-1.2380378246307373
0.3993670344352722
-1.7572149038314819
-0.4393037259578705
-0.0399367026984692
0.1597468107938766
0.5990505218505859
-0.0399367026984692
-0.3594303131103516
-1.3578479290008545
-1.1182277202606201
1.1981010437011719
1.7572149038314819
0.5990505218505859
-0.3993670344352722
0.6389872431755066
-0.2795569300651550
0.0798734053969383
-1.7572149038314819
-0.7587973475456238
-0.8386707305908203
-0.3993670344352722
0.3194936215877533
-1.8770250082015991
1.7572149038314819
1.5575313568115234
-3.2748095989227295
2.3163287639617920
2.1565818786621094
-0.6789239645004272
-0.4393037259578705
1.3578479290008545
-0.4393037259578705
-0.2795569300651550
0.3993670344352722
-0.7987340688705444
0.9185441732406616
-0.9984175562858582
-0.4792404174804688
0.1597468107938766
0.0399367026984692
0.4792404174804688
1.2779744863510132
0.2795569300651550
-0.3594303131103516
-0.0000000000000000
-0.7188606262207031
-0.3993670344352722
-0.1597468107938766
-0.0000000000000000
-0.1597468107938766
0.0798734053969383
0.9984175562858582
0.1597468107938766
-0.0000000000000000
-0.1198101043701172
-0.2396202087402344
0.3993670344352722
0.6389872431755066
0.4393037259578705
-0.0000000000000000
0.2795569300651550
-0.1597468107938766
-0.3993670344352722
-0.5191771388053894
0.2396202087402344
0.2396202087402344
0.4792404174804688
0.1198101043701172
0.1597468107938766
0.1597468107938766
-0.2795569300651550
-0.4393037259578705
-0.3194936215877533
0.3993670344352722
0.2396202087402344
-0.3194936215877533
0.0798734053969383
-0.1996835172176361
-0.3194936215877533
0.1597468107938766
-0.2795569300651550
-0.0399367026984692
-0.4792404174804688
0.0000000000000000
-0.1198101043701172
0.2396202087402344
-0.1198101043701172
-0.5591138601303101
0.3194936215877533
-0.3993670344352722
1.1182277202606201
-1.0782909393310547
1.1182277202606201
1.1981010437011719
0.3194936215877533
0.1198101043701172
-0.1198101043701172
0.4393037259578705
0.0798734053969383
0.3194936215877533
0.0399367026984692
-0.0798734053969383
-0.0399367026984692
0.0399367026984692
-0.4393037259578705
-0.1198101043701172
-0.6389872431755066
0.4792404174804688
-0.5191771388053894
-0.5990505218505859
-0.2396202087402344
0.1996835172176361
-0.4792404174804688
0.4792404174804688
-0.0399367026984692
0.2396202087402344
-0.0399367026984692
0.1198101043701172
0.4792404174804688
0.1597468107938766
-0.4792404174804688
-0.4792404174804688
-0.9185441732406616
0.3194936215877533
-0.2396202087402344
-0.6389872431755066
-0.6389872431755066
0.2795569300651550
-0.3993670344352722
0.3993670344352722
-0.1198101043701172
0.3194936215877533
0.2795569300651550
0.2795569300651550
0.0000000000000000
0.0399367026984692
-0.8386707305908203
-0.1597468107938766
-0.5591138601303101
-0.3594303131103516
0.5191771388053894
-0.1597468107938766
-0.2396202087402344
0.5990505218505859
-0.5191771388053894
0.2795569300651550
-0.4792404174804688
-0.0798734053969383
0.2396202087402344
-0.0399367026984692
-0.2396202087402344
-0.1597468107938766
-0.9185441732406616
0.7987340688705444
0.1198101043701172
-0.0798734053969383
0.0798734053969383
-0.1996835172176361
0.1198101043701172
0.5990505218505859
-0.6389872431755066
0.3594303131103516
-0.3993670344352722
0.3594303131103516
0.1597468107938766
0.1198101043701172
0.0798734053969383
0.1198101043701172
-0.8786074519157410
-0.1198101043701172
-0.7587973475456238
0.4393037259578705
0.1996835172176361
-0.5191771388053894
-0.3993670344352722
0.2795569300651550
-0.5591138601303101
0.4393037259578705
0.0399367026984692
0.6389872431755066
-0.1996835172176361
-0.1198101043701172
0.1198101043701172
0.0399367026984692
-0.7188606262207031
-0.4393037259578705
-0.8786074519157410
0.5191771388053894
-0.3194936215877533
-0.4393037259578705
-0.3993670344352722
0.3594303131103516
-0.0798734053969383
0.4792404174804688
-0.0798734053969383
0.3194936215877533
-0.1996835172176361
-0.3993670344352722
0.0399367026984692
-0.0798734053969383
-0.3993670344352722
-0.1198101043701172
-0.6789239645004272
0.0000000000000000
-0.4792404174804688
-0.3594303131103516
-0.0399367026984692
0.0399367026984692
0.1996835172176361
-0.0798734053969383
-0.0798734053969383
-0.2795569300651550
-0.2795569300651550
-0.0798734053969383
0.2396202087402344
0.7987340688705444
-0.0798734053969383
-0.5591138601303101
-0.5191771388053894
0.4792404174804688
-0.5591138601303101
-0.9984175562858582
0.0798734053969383
-0.5591138601303101
0.8786074519157410
0.1198101043701172
-0.7188606262207031
-1.0383542776107788
-0.0798734053969383
0.7587973475456238
0.1198101043701172
0.7587973475456238
1.1182277202606201
-1.0782909393310547
1.1981010437011719
0.5990505218505859
0.2396202087402344
-0.3993670344352722
1.3179111480712891
-0.7987340688705444
0.4792404174804688
-0.6389872431755066
0.5191771388053894
-0.8786074519157410
-0.4393037259578705
-0.7188606262207031
-0.1198101043701172
-0.1597468107938766
1.2380378246307373
0.1996835172176361
1.9968351125717163
-0.5191771388053894
-0.0399367026984692
0.9185441732406616
1.4776580333709717
-0.0399367026984692
-0.1597468107938766
0.3194936215877533
1.7971515655517578
0.7587973475456238
-0.5191771388053894
-0.5591138601303101
0.5191771388053894
-0.1996835172176361
0.8786074519157410
1.2380378246307373
-0.1996835172176361
0.2795569300651550
-1.3977845907211304
-1.0782909393310547
0.2795569300651550
0.1597468107938766
0.8386707305908203
0.9584808349609375
1.3977845907211304
-0.1597468107938766
-0.5990505218505859
-0.9185441732406616
0.5591138601303101
-0.0798734053969383
0.2795569300651550
1.1981010437011719
-0.9984175562858582
1.3179111480712891
-2.2364554405212402
-1.7572149038314819
0.7188606262207031
0.2795569300651550
1.2779744863510132
0.1597468107938766
-0.9584808349609375
-1.1581643819808960
-0.1597468107938766
0.0798734053969383
0.1597468107938766
0.7587973475456238
-0.2396202087402344
-0.4792404174804688
-1.3578479290008545
2.3562655448913574
-1.7971515655517578
-1.5575313568115234
-0.0798734053969383
-0.3594303131103516
0.3594303131103516
0.1198101043701172
-0.3594303131103516
0.0798734053969383
-0.0798734053969383
-0.0798734053969383
0.1996835172176361
0.5191771388053894
-0.0399367026984692
-0.4792404174804688
-0.2396202087402344
0.5191771388053894
-0.6789239645004272
-0.8786074519157410
0.0798734053969383
0.0798734053969383
-0.0399367026984692
0.6789239645004272
-0.3594303131103516
0.4792404174804688
0.6389872431755066
-0.1996835172176361
0.3594303131103516
-0.6789239645004272
-0.8386707305908203
-0.1996835172176361
-1.0782909393310547
1.3179111480712891
-1.3578479290008545
-1.0383542776107788
-0.8386707305908203
-0.5990505218505859
-0.8786074519157410
1.4377212524414062
0.8386707305908203
0.9185441732406616
1.5974681377410889
-1.4377212524414062
1.3179111480712891
-3.2348728179931641
0.0798734053969383
-1.1182277202606201
-0.5191771388053894
0.5990505218505859
-0.1996835172176361
1.5974681377410889
-1.9568984508514404
2.0367717742919922
-0.3594303131103516
1.0383542776107788
1.1981010437011719
0.7587973475456238
-0.2795569300651550
-1.2380378246307373
1.7572149038314819
-2.3163287639617920
0.3594303131103516
0.3194936215877533
-2.0767085552215576
-0.2396202087402344
-0.2795569300651550
0.6389872431755066
-0.6789239645004272
1.2380378246307373
1.0383542776107788
-1.4377212524414062
0.1198101043701172
-0.3993670344352722
-1.0782909393310547
-0.4393037259578705
1.8370883464813232
0.1198101043701172
-0.3194936215877533
-0.3194936215877533
-2.2763919830322266
0.9584808349609375
-1.6374047994613647
-0.6389872431755066
-0.2795569300651550
2.0367717742919922
-1.4377212524414062
-0.0399367026984692
0.1996835172176361
0.1198101043701172
-1.4776580333709717
-0.1198101043701172
2.2364554405212402
-1.1182277202606201
0.0798734053969383
-0.3194936215877533
-0.2396202087402344
-1.3578479290008545
0.1996835172176361
-0.3194936215877533
0.0000000000000000
-0.9984175562858582
-1.2380378246307373
-0.4393037259578705
-0.1996835172176361
1.2380378246307373
1.6773414611816406
0.0399367026984692
0.9185441732406616
-3.3946197032928467
-0.3993670344352722
-0.9984175562858582
1.3578479290008545
-0.7188606262207031
0.0399367026984692
2.0767085552215576
-1.4776580333709717
-0.1597468107938766
-0.0399367026984692
0.6789239645004272
0.0798734053969383
0.5990505218505859
0.7587973475456238
0.1996835172176361
0.7188606262207031
-0.7188606262207031
-0.8386707305908203
-0.5191771388053894
-1.1981010437011719
1.2380378246307373
-1.5575313568115234
-0.9185441732406616
-1.4377212524414062
0.2396202087402344
-0.1597468107938766
0.2795569300651550
-0.3993670344352722
0.3594303131103516
0.0798734053969383
-0.3194936215877533
0.1597468107938766
-0.5591138601303101
-0.3194936215877533
0.0798734053969383
0.0399367026984692
0.2795569300651550
-0.1597468107938766
-0.4393037259578705
0.0399367026984692
0.0798734053969383
0.3194936215877533
-1.1981010437011719
0.1198101043701172
0.3993670344352722
0.2795569300651550
0.2795569300651550
0.2396202087402344
1.1182277202606201
0.5591138601303101
-1.7971515655517578
-0.3194936215877533
2.3562655448913574
0.3594303131103516
0.4393037259578705
-0.4792404174804688
0.4792404174804688
0.1597468107938766
0.1597468107938766
-0.2396202087402344
0.0399367026984692
0.5191771388053894
0.7188606262207031
0.1198101043701172
1.8370883464813232
0.1198101043701172
-1.2380378246307373
-1.2779744863510132
2.3163287639617920
-0.0798734053969383
-0.1996835172176361
-0.9984175562858582
-1.9568984508514404
-0.9984175562858582
2.3962020874023438
-0.2795569300651550
-0.0798734053969383
-0.1996835172176361
3.1549994945526123
-0.3993670344352722
1.3179111480712891
-0.7587973475456238
-0.5591138601303101
-0.9984175562858582
2.0767085552215576
-0.6789239645004272
-1.7572149038314819
-1.7971515655517578
0.6789239645004272
0.9584808349609375
-0.2396202087402344
-1.4377212524414062
0.3194936215877533
-0.7987340688705444
-0.1198101043701172
-1.5175946950912476
1.3977845907211304
1.9968351125717163
-2.7556324005126953
0.3594303131103516
0.0798734053969383
3.7540500164031982
3.1949362754821777
1.3179111480712891
-0.1996835172176361
0.7188606262207031
-0.9185441732406616
0.3194936215877533
0.1996835172176361
0.3993670344352722
0.3993670344352722
0.5591138601303101
0.8386707305908203
0.7188606262207031
-1.8370883464813232
-0.5591138601303101
2.1166453361511230
0.5191771388053894
0.5591138601303101
-0.8386707305908203
-0.2396202087402344
0.0798734053969383
-0.0399367026984692
-0.5591138601303101
0.0399367026984692
0.1996835172176361
0.1198101043701172
0.3194936215877533
-0.3594303131103516
0.1198101043701172
-0.1996835172176361
0.3594303131103516
0.0798734053969383
0.7587973475456238
-0.1996835172176361
0.0798734053969383
0.7587973475456238
0.3594303131103516
0.0399367026984692
0.2795569300651550
-0.2795569300651550
-0.4393037259578705
-0.8786074519157410
0.0000000000000000
-0.3194936215877533
0.1198101043701172
0.7188606262207031
0.1198101043701172
0.2795569300651550
-0.3194936215877533
-0.4393037259578705
0.9185441732406616
1.3977845907211304
0.5591138601303101
0.1597468107938766
-0.4792404174804688
-0.3993670344352722
0.4792404174804688
-0.6389872431755066
-0.6789239645004272
-0.7188606262207031
-0.1996835172176361
1.8370883464813232
0.1996835172176361
0.4393037259578705
0.2396202087402344
0.1198101043701172
1.5175946950912476
2.3163287639617920
-0.7587973475456238
0.5191771388053894
-1.1581643819808960
-0.5990505218505859
-0.1597468107938766
-0.2795569300651550
-1.5175946950912476
1.1581643819808960
-1.3977845907211304
0.9984175562858582
-0.9984175562858582
0.6789239645004272
0.5990505218505859
-0.4393037259578705
0.6389872431755066
0.9185441732406616
-3.1949362754821777
0.3194936215877533
-2.8754425048828125
0.7188606262207031
0.4792404174804688
-0.0798734053969383
-2.3163287639617920
0.5591138601303101
-0.0000000000000000
-0.3194936215877533
2.6757590770721436
-0.6389872431755066
1.6374047994613647
0.4792404174804688
0.7188606262207031
2.2364554405212402
-1.3578479290008545
-0.3993670344352722
-2.0767085552215576
-0.7188606262207031
0.3194936215877533
-0.5990505218505859
-1.4377212524414062
-0.7587973475456238
-1.1981010437011719
0.3594303131103516
1.1581643819808960
-0.4792404174804688
1.8770250082015991
1.8770250082015991
0.9984175562858582
0.9185441732406616
0.3993670344352722
0.1996835172176361
-0.1198101043701172
-0.4792404174804688
0.2795569300651550
-0.4393037259578705
-0.7587973475456238
-0.3594303131103516
0.2396202087402344
1.5575313568115234
0.6789239645004272
0.3194936215877533
0.5191771388053894
0.3993670344352722
1.3977845907211304
1.0782909393310547
0.1597468107938766
0.1996835172176361
0.1198101043701172
-0.2396202087402344
-0.3194936215877533
-0.9984175562858582
-0.1597468107938766
-0.6389872431755066
-0.1597468107938766
0.9584808349609375
0.1597468107938766
0.0798734053969383
-0.3594303131103516
-0.3993670344352722
1.2779744863510132
0.3993670344352722
-0.1996835172176361
0.4393037259578705
0.6389872431755066
0.3594303131103516
-0.5591138601303101
-0.5990505218505859
0.1198101043701172
0.0000000000000000
-0.4792404174804688
0.3194936215877533
-0.7987340688705444
0.1597468107938766
-0.7987340688705444
-0.6389872431755066
0.0399367026984692
0.4792404174804688
0.7587973475456238
0.3594303131103516
1.9169616699218750
0.2795569300651550
-0.6789239645004272
-1.2380378246307373
0.9584808349609375
-1.1581643819808960
-0.0399367026984692
1.9568984508514404
-0.8386707305908203
-0.3594303131103516
-1.8770250082015991
-1.1182277202606201
0.9185441732406616
-0.9185441732406616
1.3578479290008545
-0.0798734053969383
0.9984175562858582
-0.5990505218505859
-0.2396202087402344
-0.7188606262207031
0.9185441732406616
-0.0399367026984692
1.5575313568115234
0.9984175562858582
1.3977845907211304
0.0399367026984692
-1.5175946950912476
-1.2779744863510132
1.5974681377410889
-0.5990505218505859
2.4760756492614746
-2.9553160667419434
-0.1996835172176361
-0.7587973475456238
-2.1166453361511230
-2.2364554405212402
1.5175946950912476
0.3594303131103516
2.3562655448913574
-1.7971515655517578
1.6773414611816406
-0.1597468107938766
0.6389872431755066
1.0782909393310547
2.6757590770721436
-0.4393037259578705
1.9968351125717163
-0.0798734053969383
1.3578479290008545
-0.9984175562858582
-0.0798734053969383
-1.3578479290008545
1.3977845907211304
0.1198101043701172
0.6789239645004272
0.9984175562858582
-0.3993670344352722
0.9584808349609375
-2.9952526092529297
-2.1965186595916748
0.4792404174804688
0.2396202087402344
0.7587973475456238
0.3194936215877533
2.1166453361511230
0.4792404174804688
-0.3993670344352722
-1.1581643819808960
0.7587973475456238
-1.1581643819808960
0.1996835172176361
1.8370883464813232
-0.7587973475456238
-0.3194936215877533
-1.7172782421112061
-0.9584808349609375
0.5990505218505859
0.4792404174804688
0.0798734053969383
0.3993670344352722
0.7587973475456238
0.2795569300651550
-0.6389872431755066
-0.6389872431755066
0.1996835172176361
-0.1996835172176361
-0.3194936215877533
0.3993670344352722
-0.8386707305908203
0.0399367026984692
-0.6389872431755066
-0.7587973475456238
0.3194936215877533
0.3594303131103516
-0.1198101043701172
0.2396202087402344
0.0798734053969383
0.1996835172176361
-0.0000000000000000
-0.5191771388053894
0.0000000000000000
0.0000000000000000
-0.3993670344352722
-0.2396202087402344
-0.3194936215877533
-0.0399367026984692
-0.3594303131103516
-0.5591138601303101
-0.1198101043701172
0.3194936215877533
-0.8386707305908203
0.5191771388053894
-0.6389872431755066
0.1996835172176361
-0.6389872431755066
0.1996835172176361
0.0399367026984692
0.1597468107938766
-1.4776580333709717
0.0399367026984692
-0.7987340688705444
-0.1996835172176361
-0.3194936215877533
-1.2779744863510132
-0.5591138601303101
-0.6389872431755066
-1.3977845907211304
0.3194936215877533
-1.1182277202606201
2.1565818786621094
0.2795569300651550
1.2380378246307373
-0.3594303131103516
-0.5990505218505859
0.2396202087402344
-0.1996835172176361
0.0798734053969383
-0.2396202087402344
1.0383542776107788
0.2396202087402344
-1.5175946950912476
-0.5591138601303101
-1.9169616699218750
-0.0798734053969383
0.1597468107938766
1.4776580333709717
1.1981010437011719
1.2380378246307373
0.7188606262207031
-1.6374047994613647
-0.1198101043701172
-0.1198101043701172
-0.1198101043701172
-0.6389872431755066
0.5191771388053894
0.4393037259578705
-1.6773414611816406
-0.5191771388053894
-1.8770250082015991
0.5191771388053894
-0.2396202087402344
1.4377212524414062
0.0798734053969383
0.9584808349609375
-0.7188606262207031
0.4792404174804688
-0.8786074519157410
0.1597468107938766
-0.6389872431755066
0.3993670344352722
-0.3993670344352722
-1.1981010437011719
-1.1581643819808960
0.5990505218505859
-0.8786074519157410
0.4393037259578705
-0.7587973475456238
0.2795569300651550
-0.7587973475456238
0.2396202087402344
0.0399367026984692
0.3594303131103516
-1.4776580333709717
-0.0798734053969383
-0.7587973475456238
-0.1996835172176361
0.1996835172176361
-0.9185441732406616
-0.4792404174804688
0.1996835172176361
0.0000000000000000
0.4393037259578705
-0.2396202087402344
0.1996835172176361
-0.1996835172176361
-0.1996835172176361
0.1198101043701172
0.1198101043701172
0.0000000000000000
-0.2795569300651550
-0.5191771388053894
0.1597468107938766
-0.4393037259578705
-0.5191771388053894
-0.0399367026984692
-0.6389872431755066
0.2396202087402344
-0.3594303131103516
-0.5591138601303101
-0.0000000000000000
-0.1996835172176361
0.2396202087402344
-0.4393037259578705
-0.1198101043701172
-0.0000000000000000
0.1996835172176361
-0.1198101043701172
-0.3194936215877533
0.1996835172176361
-0.2795569300651550
0.8386707305908203
-0.1198101043701172
0.0798734053969383
0.3194936215877533
0.1198101043701172
0.4393037259578705
0.2396202087402344
0.0798734053969383
0.3194936215877533
-0.2795569300651550
-0.0000000000000000
-0.1198101043701172
0.4393037259578705
0.0000000000000000
0.1198101043701172
-0.0399367026984692
0.0399367026984692
-0.0798734053969383
0.3594303131103516
0.8786074519157410
0.2795569300651550
0.1597468107938766
0.2795569300651550
0.3594303131103516
-0.1198101043701172
0.1597468107938766
-0.0000000000000000
-0.0399367026984692
0.5591138601303101
0.1198101043701172
-0.2795569300651550
0.1597468107938766
0.3194936215877533
0.3993670344352722
0.2396202087402344
0.4393037259578705
0.1198101043701172
-0.2795569300651550
-0.0399367026984692
0.1597468107938766
-0.0399367026984692
0.3194936215877533
-0.3194936215877533
-0.2795569300651550
0.0000000000000000
0.1597468107938766
-0.3594303131103516
0.4792404174804688
0.6389872431755066
0.3993670344352722
-0.1996835172176361
-0.1597468107938766
-0.0000000000000000
-0.0798734053969383
-0.1198101043701172
-0.2396202087402344
-0.1996835172176361
0.3194936215877533
-0.4393037259578705
-0.5990505218505859
-0.1996835172176361
0.4792404174804688
-0.0399367026984692
-0.0399367026984692
0.2396202087402344
0.5191771388053894
0.0798734053969383
0.5191771388053894
0.2795569300651550
-0.1198101043701172
-0.1198101043701172
-0.0000000000000000
-0.1597468107938766
0.2396202087402344
-0.3194936215877533
-0.3194936215877533
0.0798734053969383
0.3194936215877533
-0.2396202087402344
0.4792404174804688
0.0798734053969383
0.3194936215877533
0.0798734053969383
0.7587973475456238
0.1996835172176361
0.1198101043701172
0.3993670344352722
0.0798734053969383
-0.0798734053969383
-0.2795569300651550
-0.0000000000000000
-0.0000000000000000
0.4393037259578705
-0.3594303131103516
-0.3194936215877533
0.2795569300651550
0.3993670344352722
-0.0798734053969383
-0.0399367026984692
0.4792404174804688
-0.3993670344352722
0.0399367026984692
0.3594303131103516
0.1996835172176361
0.0399367026984692
-0.1996835172176361
0.0399367026984692
-0.0399367026984692
0.1597468107938766
-0.1198101043701172
-0.0399367026984692
-0.1597468107938766
0.3194936215877533
-0.4393037259578705
-0.3194936215877533
-0.1996835172176361
0.6789239645004272
0.5591138601303101
0.3594303131103516
-0.0798734053969383
0.7188606262207031
0.1198101043701172
-0.3993670344352722
-0.1996835172176361
0.7587973475456238
0.1996835172176361
0.0000000000000000
0.0798734053969383
-0.5591138601303101
-1.9968351125717163
-1.2380378246307373
-0.7987340688705444
-0.5990505218505859
0.0798734053969383
1.3179111480712891
-1.6374047994613647
1.3179111480712891
0.0399367026984692
-1.3977845907211304
-0.0798734053969383
0.6389872431755066
0.6389872431755066
0.5191771388053894
1.0782909393310547
-1.4377212524414062
-1.4377212524414062
0.3194936215877533
-0.8786074519157410
-1.2779744863510132
-0.3993670344352722
1.4776580333709717
-0.2396202087402344
0.5591138601303101
-1.1581643819808960
0.3194936215877533
0.4393037259578705
-0.2396202087402344
-0.1198101043701172
0.3993670344352722
-1.9968351125717163
0.6789239645004272
1.2779744863510132
1.4377212524414062
0.5990505218505859
-1.0782909393310547
0.5591138601303101
0.6789239645004272
0.8386707305908203
0.6389872431755066
-1.4377212524414062
1.7971515655517578
1.1981010437011719
-0.5990505218505859
-0.1996835172176361
0.7987340688705444
-1.8370883464813232
0.5191771388053894
0.4792404174804688
-0.0000000000000000
-0.0399367026984692
-1.2779744863510132
0.8386707305908203
0.6389872431755066
0.1996835172176361
1.1981010437011719
-1.3179111480712891
0.9185441732406616
1.1981010437011719
-0.0399367026984692
-0.3194936215877533
1.1581643819808960
-1.2779744863510132
-0.6789239645004272
-0.7587973475456238
-1.8370883464813232
-0.7987340688705444
0.5990505218505859
1.4776580333709717
0.4393037259578705
-0.9584808349609375
1.1581643819808960
0.6389872431755066
-1.3179111480712891
0.6389872431755066
1.0383542776107788
0.3194936215877533
0.9584808349609375
0.4792404174804688
-1.8770250082015991
-0.3594303131103516
-0.0798734053969383
-0.1996835172176361
0.2795569300651550
0.4792404174804688
0.3993670344352722
0.0798734053969383
0.7188606262207031
0.2396202087402344
-0.5191771388053894
0.3194936215877533
0.7188606262207031
0.0399367026984692
0.2396202087402344
-0.0000000000000000
-0.2396202087402344
-0.3194936215877533
-0.3993670344352722
0.0798734053969383
0.3993670344352722
0.3993670344352722
0.1996835172176361
-0.2396202087402344
0.2795569300651550
0.0399367026984692
-0.2396202087402344
-0.0399367026984692
0.5591138601303101
-0.2396202087402344
0.0798734053969383
-0.1198101043701172
-0.0399367026984692
-0.3594303131103516
0.5591138601303101
-0.1597468107938766
-0.8786074519157410
-1.3977845907211304
-0.3594303131103516
0.0798734053969383
-1.5575313568115234
0.5591138601303101
1.2380378246307373
-1.2779744863510132
0.4792404174804688
-1.9568984508514404
-0.8386707305908203
0.2795569300651550
0.2795569300651550
0.5990505218505859
0.9185441732406616
0.6789239645004272
0.5591138601303101
-0.4792404174804688
-1.1182277202606201
1.0782909393310547
-2.1565818786621094
-0.2396202087402344
1.6773414611816406
-1.5575313568115234
-0.1996835172176361
-1.5175946950912476
0.3993670344352722
0.3993670344352722
0.2795569300651550
-0.3194936215877533
0.6789239645004272
-1.9968351125717163
3.1949362754821777
1.9169616699218750
-1.9968351125717163
0.8386707305908203
-0.9185441732406616
0.3194936215877533
0.5591138601303101
-0.3993670344352722
-0.1597468107938766
-1.0383542776107788
0.9984175562858582
0.7987340688705444
-1.3179111480712891
-0.3993670344352722
1.1981010437011719
0.1996835172176361
0.8786074519157410
0.1198101043701172
-1.5175946950912476
1.2380378246307373
-1.7172782421112061
0.0399367026984692
1.2380378246307373
-1.5175946950912476
-0.1198101043701172
-0.9185441732406616
-0.1597468107938766
1.3179111480712891
1.1981010437011719
-0.0798734053969383
1.7572149038314819
-0.5191771388053894
0.6389872431755066
-0.2795569300651550
-1.0383542776107788
0.6789239645004272
-1.5575313568115234
-0.3594303131103516
0.7987340688705444
0.9984175562858582
-0.4393037259578705
-2.1965186595916748
-0.1198101043701172
-1.2779744863510132
1.6374047994613647
-0.2795569300651550
-0.1198101043701172
-0.1198101043701172
0.6389872431755066
0.5591138601303101
0.0798734053969383
-0.1198101043701172
0.1198101043701172
0.0399367026984692
-0.1597468107938766
0.1198101043701172
0.3594303131103516
-0.2396202087402344
-0.1597468107938766
-0.1597468107938766
-0.0399367026984692
0.5591138601303101
-0.0798734053969383
0.1597468107938766
-0.6789239645004272
0.0798734053969383
-0.0000000000000000
0.2396202087402344
-0.0798734053969383
0.3594303131103516
-0.2396202087402344
-0.0798734053969383
0.1597468107938766
-0.2396202087402344
0.3594303131103516
-0.1198101043701172
0.1996835172176361
1.2380378246307373
-0.3194936215877533
-0.1198101043701172
0.6789239645004272
-0.3594303131103516
0.3993670344352722
-0.5990505218505859
0.6789239645004272
1.2380378246307373
-0.0000000000000000
-0.1996835172176361
0.6389872431755066
0.9584808349609375
0.0399367026984692
0.7188606262207031
-0.8386707305908203
1.8370883464813232
-0.6389872431755066
1.6374047994613647
0.5591138601303101
0.0798734053969383
1.1981010437011719
-0.7188606262207031
0.8386707305908203
1.2779744863510132
0.0000000000000000
0.1996835172176361
1.3179111480712891
0.9984175562858582
0.1198101043701172
0.5990505218505859
-0.4792404174804688
1.4377212524414062
0.2396202087402344
2.1565818786621094
0.5591138601303101
1.0782909393310547
0.9984175562858582
0.3594303131103516
1.0383542776107788
0.6789239645004272
-0.9584808349609375
1.4377212524414062
1.2779744863510132
0.9584808349609375
-0.5591138601303101
-0.0399367026984692
0.7987340688705444
-1.9169616699218750
-1.4776580333709717
0.1597468107938766
-2.2763919830322266
-1.4377212524414062
0.9984175562858582
-2.4361388683319092
0.1198101043701172
0.8386707305908203
-0.5191771388053894
-0.7188606262207031
0.3194936215877533
1.1981010437011719
-0.5990505218505859
0.6389872431755066
0.1597468107938766
2.0367717742919922
-0.1996835172176361
-0.0399367026984692
0.3993670344352722
-0.1198101043701172
-0.2396202087402344
-0.1597468107938766
0.8786074519157410
1.4776580333709717
0.3993670344352722
0.4393037259578705
0.7987340688705444
0.3993670344352722
0.3993670344352722
0.3594303131103516
-0.2396202087402344
0.5191771388053894
0.0399367026984692
-0.0000000000000000
-0.0000000000000000
-0.2795569300651550
-0.1996835172176361
-0.0399367026984692
0.1996835172176361
0.7587973475456238
-0.2795569300651550
-0.3194936215877533
0.2396202087402344
0.0399367026984692
-0.1597468107938766
-0.1597468107938766
0.1198101043701172
0.3993670344352722
-0.7987340688705444
0.0798734053969383
-0.9984175562858582
0.2396202087402344
-0.3194936215877533
0.1198101043701172
0.1597468107938766
-0.2795569300651550
0.2795569300651550
0.1996835172176361
-0.0399367026984692
-0.4393037259578705
0.7188606262207031
-0.3594303131103516
-0.0798734053969383
0.8786074519157410
-1.4776580333709717
-0.2396202087402344
-1.1182277202606201
-0.5191771388053894
-0.6389872431755066
-0.6789239645004272
0.0399367026984692
0.3194936215877533
-0.4792404174804688
0.1198101043701172
-0.1996835172176361
-0.0399367026984692
1.6773414611816406
-0.4792404174804688
-0.5591138601303101
1.8370883464813232
-2.0367717742919922
2.0367717742919922
-0.0399367026984692
0.1198101043701172
1.0782909393310547
-1.0782909393310547
-0.6389872431755066
-0.1996835172176361
-0.3993670344352722
-0.0399367026984692
0.3993670344352722
0.9584808349609375
1.1581643819808960
0.7188606262207031
0.2396202087402344
0.2795569300651550
-1.1981010437011719
3.1549994945526123
-1.7172782421112061
-0.7587973475456238
2.7556324005126953
-1.6773414611816406
-2.1166453361511230
-0.9185441732406616
-0.4393037259578705
1.2779744863510132
-0.1996835172176361
1.1981010437011719
0.3594303131103516
1.7971515655517578
3.4345564842224121
1.1182277202606201
-0.9185441732406616
0.0798734053969383
-1.0782909393310547
0.3194936215877533
-0.2795569300651550
-0.2396202087402344
-1.4377212524414062
-0.5990505218505859
0.5990505218505859
0.0798734053969383
0.2396202087402344
-1.5575313568115234
1.5974681377410889
-0.1198101043701172
1.1581643819808960
0.5591138601303101
-1.1981010437011719
-0.1996835172176361
-0.9984175562858582
-0.5990505218505859
-0.4792404174804688
-0.6789239645004272
0.2795569300651550
0.3194936215877533
-0.2795569300651550
-0.0798734053969383
-0.0798734053969383
0.1996835172176361
1.2779744863510132
-0.2795569300651550
-0.5990505218505859
0.1996835172176361
-0.7188606262207031
-0.3194936215877533
-1.3578479290008545
0.1198101043701172
-0.2795569300651550
-0.0798734053969383
-0.1198101043701172
-0.5990505218505859
0.0000000000000000
0.1597468107938766
-0.4792404174804688
-0.2396202087402344
1.1182277202606201
-0.5591138601303101
0.0798734053969383
0.1198101043701172
0.1198101043701172
0.3594303131103516
-0.2396202087402344
0.1597468107938766
0.4393037259578705
0.3993670344352722
-0.1198101043701172
-0.4792404174804688
0.3993670344352722
0.2396202087402344
-0.1597468107938766
-0.1996835172176361
0.0399367026984692
-0.1597468107938766
0.3194936215877533
-0.4792404174804688
0.1996835172176361
-0.3993670344352722
-0.8786074519157410
-0.2396202087402344
-0.1996835172176361
0.9984175562858582
0.1198101043701172
-0.7188606262207031
0.5990505218505859
0.1996835172176361
-0.7987340688705444
-0.7987340688705444
0.6389872431755066
-1.7172782421112061
0.0399367026984692
-1.1981010437011719
0.3993670344352722
-1.4377212524414062
-1.0383542776107788
-0.0798734053969383
0.9185441732406616
-0.3594303131103516
1.7971515655517578
-0.8786074519157410
0.0399367026984692
-0.1597468107938766
-0.1198101043701172
0.1996835172176361
0.2396202087402344
-0.3194936215877533
-0.9185441732406616
-2.1965186595916748
-0.5990505218505859
-3.0751261711120605
-1.6773414611816406
0.5191771388053894
0.3594303131103516
-0.3594303131103516
1.5974681377410889
-0.1198101043701172
1.3179111480712891
0.1597468107938766
1.6374047994613647
-2.3163287639617920
-0.6789239645004272
-0.6389872431755066
-1.8370883464813232
-0.6389872431755066
0.2795569300651550
-1.3977845907211304
-0.5591138601303101
0.7987340688705444
0.4792404174804688
0.6789239645004272
1.8770250082015991
-0.0399367026984692
0.4393037259578705
0.1198101043701172
0.6389872431755066
-0.1996835172176361
0.3594303131103516
-1.1581643819808960
-1.3578479290008545
-0.3194936215877533
0.3594303131103516
-0.5191771388053894
-0.9984175562858582
-0.1996835172176361
-0.5591138601303101
0.8386707305908203
0.1597468107938766
-0.6789239645004272
0.7587973475456238
0.2795569300651550
-1.0782909393310547
-0.8386707305908203
0.6389872431755066
-1.5974681377410889
-0.0399367026984692
-0.1198101043701172
0.0000000000000000
0.3993670344352722
-0.2795569300651550
0.2795569300651550
0.1996835172176361
0.2396202087402344
-0.1198101043701172
-0.7587973475456238
0.5591138601303101
0.0798734053969383
-0.1198101043701172
-0.5191771388053894
0.4393037259578705
-0.2396202087402344
0.1996835172176361
-0.1996835172176361
0.2396202087402344
0.3194936215877533
-0.0798734053969383
0.3194936215877533
0.4792404174804688
0.2795569300651550
0.1198101043701172
-0.0399367026984692
-0.1198101043701172
-0.1996835172176361
0.3594303131103516
-0.0798734053969383
0.0000000000000000
0.0798734053969383
0.0798734053969383
-0.3194936215877533
0.2795569300651550
0.8386707305908203
0.8786074519157410
0.3993670344352722
0.5990505218505859
0.3993670344352722
-0.3594303131103516
-0.1198101043701172
-0.4792404174804688
-0.1198101043701172
0.3993670344352722
0.4393037259578705
-0.3194936215877533
0.7188606262207031
0.5191771388053894
0.6789239645004272
0.7987340688705444
0.7188606262207031
1.4776580333709717
0.0798734053969383
-0.9584808349609375
-0.6389872431755066
-1.5575313568115234
1.0383542776107788
0.1198101043701172
1.0383542776107788
-1.1182277202606201
0.1597468107938766
-0.3993670344352722
0.4393037259578705
1.1581643819808960
0.4792404174804688
2.3562655448913574
0.0798734053969383
2.3562655448913574
0.9984175562858582
-1.8370883464813232
1.2779744863510132
-1.4776580333709717
-0.5191771388053894
0.7987340688705444
0.1198101043701172
-0.3993670344352722
-0.9584808349609375
0.0000000000000000
-1.0782909393310547
1.2380378246307373
0.5191771388053894
1.4377212524414062
1.3578479290008545
1.7971515655517578
0.5990505218505859
0.4393037259578705
0.3993670344352722
-0.5191771388053894
-0.6389872431755066
-0.0798734053969383
0.3993670344352722
-0.1198101043701172
0.7188606262207031
-0.3993670344352722
0.3993670344352722
0.6789239645004272
0.1198101043701172
0.1996835172176361
1.1581643819808960
0.7587973475456238
0.2396202087402344
0.4792404174804688
0.2795569300651550
-0.4792404174804688
-0.1198101043701172
-0.3594303131103516
-0.2396202087402344
0.3594303131103516
0.4393037259578705
-0.1996835172176361
0.6789239645004272
0.4792404174804688
-0.3194936215877533
-0.0399367026984692
0.4393037259578705
0.0399367026984692
0.1996835172176361
0.3993670344352722
-0.0798734053969383
0.4393037259578705
-0.0399367026984692
-0.0399367026984692
-0.0399367026984692
0.4393037259578705
-0.2396202087402344
-0.2396202087402344
0.0000000000000000
-0.1597468107938766
